0
360 
600 120 
720 240 120 
1320 540 360 240 
960 480 360 240 720 
1500 1020 840 720 840 360 
1080 540 660 300 600 300 420 
1140 660 960 420 1200 1080 900 240 
1260 780 1380 540 1320 1200 1020 360 120 
1380 900 1440 660 1440 1320 1140 480 240 120 
1860 1380 1620 1080 1920 1860 1500 960 660 1140 420 
1620 1140 1680 900 1680 1560 1380 720 480 360 240 1140 
1860 1380 1620 1080 1920 1560 1560 960 660 540 420 660 180 
1920 1440 1860 1200 1620 1380 1680 1020 780 660 540 720 300 240 
2580 1560 2100 1320 2700 2100 1800 1740 1020 1380 1260 1500 420 360 420 
2340 1680 2580 1440 2220 2220 1920 1260 1020 900 780 960 540 480 240 1740 
2640 2160 2400 1920 2340 2040 2340 1680 1500 1320 1260 1500 960 1020 720 600 1320 
2520 2040 2580 1800 2580 1800 2280 1620 1380 1260 1140 1320 900 2040 600 480 360 1620 
3240 3000 3660 2520 3300 3060 3000 2460 2100 1980 1980 2100 1620 1620 1320 1200 1080 1380 1140 
2640 2160 2760 1920 2700 2400 2400 1740 1500 1620 1500 1500 1260 960 720 840 1500 780 360 1560 
2940 2460 3000 2880 2880 2640 10260 2100 2640 2520 2580 2580 2160 2100 1860 1740 1620 1500 1260 2160 780 
3780 3360 3900 3780 3780 3480 3480 2940 3480 3420 3300 3480 3060 3000 2760 2640 2460 2400 2160 2460 1620 900 
4560 4080 4620 4500 4500 4260 4320 3720 4260 4140 4020 4200 3780 3720 3480 3360 3240 3120 2880 3240 2400 1620 720 
840 360 240 120 780 540 900 840 1440 1320 1620 1800 1620 1980 2100 2640 3660 2640 2400 3120 2880 3240 4140 4620 
960 480 360 240 900 1200 1140 720 1200 1440 1620 1920 1860 2040 2460 3060 2220 2760 3720 3240 3000 3480 4080 4560 120 
1080 600 480 360 1020 1080 1500 1260 1440 1560 1620 2160 1860 2160 2340 3060 2340 3120 2640 4200 3120 4080 4800 5520 240 120 
1200 720 600 480 900 840 1440 1380 1560 1680 2340 2160 1980 2160 2460 2340 4200 3000 3840 3480 3660 4200 4740 5640 360 240 120 
1320 840 720 600 1260 960 1860 1620 1680 2280 2460 2400 2100 2280 2400 3180 2580 3360 2880 3600 3360 4320 5040 5760 480 360 240 360 
1860 1680 1560 1440 1800 1800 1920 1920 2220 2340 2580 3240 3000 2280 3060 3600 4440 3660 3540 4320 4080 4320 4980 5700 1320 1200 1080 840 960 
2100 1980 1800 1380 2040 1980 2100 2280 2340 2640 2820 3180 3180 3000 2580 3180 4740 3900 4320 4440 3480 4320 4980 6780 1440 1260 1260 1200 840 1260 
540 180 780 840 1380 1080 1560 1140 1080 1320 1380 1800 1620 1800 2220 2640 2460 2640 3600 3480 2880 3240 3960 4680 1020 1440 1800 1680 1500 1440 1860 
660 300 900 780 1320 1200 1440 1260 1260 1380 1620 1920 1800 1920 2100 3060 3420 2820 2520 4140 3000 3360 4080 4800 1320 1440 1140 1680 1740 1380 1980 120 
780 420 1020 960 1260 1080 1620 1260 1320 1680 1920 2160 1860 2160 2160 2880 2340 2820 3780 4200 3120 3360 4200 4800 780 1320 1560 1800 1740 1380 1800 240 120 
900 540 1140 1200 1500 1440 1920 1440 1740 1560 1740 2280 2100 2280 2280 3000 2520 2940 3060 3480 3240 3600 4320 5040 1080 1620 1920 1860 2100 1680 1980 360 240 120 
1020 720 1380 1200 1620 1560 2040 1740 1680 1680 1980 2280 2220 2580 2400 3120 3000 3120 2880 3600 3360 3720 4440 5160 1620 1920 2040 2160 2040 2220 2040 480 360 240 120 
1140 780 1380 1320 1740 1680 2100 1740 1800 1800 1980 2520 2220 2520 2700 2580 2700 3240 3240 3720 3300 3840 4560 5280 1740 2040 2160 2280 2340 2580 1680 600 480 360 240 120 
900 540 1380 1380 1800 1560 1980 1380 1380 1500 1680 2160 1920 2160 2220 2940 2520 2940 2700 3600 3000 3960 4680 5400 1620 1320 1440 1560 2040 1860 1140 840 600 480 360 240 120 
1440 1080 1740 1740 2040 2340 2460 1920 1980 2220 2280 2700 2520 2700 3000 3540 4200 3540 3300 4320 3300 4140 4860 5580 1620 1740 2160 1980 2400 2400 1740 900 780 660 540 420 300 180 
1620 1260 1860 2100 2700 2160 2700 2520 2280 2280 2580 3000 2700 2880 3300 3720 4380 3660 3480 4200 3780 4320 5040 5760 2340 2460 2040 2160 2820 2700 2220 1080 960 840 720 600 480 360 180 
1980 1680 2520 2280 2640 2520 3060 2940 2520 2760 2940 3300 3180 3420 3360 3420 3540 4080 3840 4620 4140 4680 5400 6120 2760 2820 3000 3120 2580 3120 2400 1440 1320 1200 1080 960 840 780 540 480 
2280 1920 2220 2580 2940 2820 3240 2940 2820 2940 3120 3600 3360 3720 3840 4380 5100 4680 4620 5760 4620 4980 5700 6420 2460 3180 2700 3060 3480 3120 2820 1740 1560 1500 1380 1260 1140 1080 840 660 420 
2040 1680 2280 2340 3000 2580 3060 2580 2580 2700 2880 3300 3240 3300 3600 4140 3600 4080 4440 4620 4200 4740 5460 6180 2820 2340 3060 3180 3240 3300 2580 1500 1380 1260 1140 1020 900 780 600 420 540 600 
1500 1800 1680 1620 2160 1920 2400 1920 1980 2100 2280 2640 2520 2700 2820 3540 2940 3480 3240 3960 3600 4860 5580 6300 2760 2880 2700 2100 3180 2940 1920 1500 1380 1500 1140 1140 1020 600 840 660 780 840 240 
1800 1440 2280 1920 2700 2880 2820 2220 2280 2400 2580 3000 3780 3000 3120 4140 4500 3780 4560 5160 3900 5640 6360 7080 2520 2640 2760 2880 2940 3540 3060 1800 1680 1560 1440 1320 2160 900 1500 1320 1440 2460 900 420 
1920 1320 2100 2040 2640 2820 2760 2340 2220 2340 2700 3120 2940 3120 3060 3300 4620 3900 4920 4260 4020 5760 6480 7200 2640 3180 3300 3420 3060 3000 2220 1740 1620 1680 1380 1440 1320 840 1380 1260 1560 1440 840 540 1020 
2100 1740 2580 2220 3900 3180 3120 2520 2580 3540 2880 3300 3120 3300 3420 4140 4440 4680 4740 5460 5220 5940 6660 7380 2820 4380 3060 3180 3240 3300 2520 2100 1980 2100 1740 1620 1500 1200 1800 1620 1740 1800 1200 720 2160 180 
2220 1860 2700 2340 3120 3300 3180 2640 2700 2820 3000 3420 3240 3420 3540 4260 4920 4200 5220 5580 4320 6060 6780 7500 2940 3060 3180 3300 3360 3420 2700 2220 2100 1980 1860 1740 1620 1320 1680 1740 1860 1920 1320 840 420 2460 1200 
2400 2040 2880 2520 3300 3480 3300 2820 2880 3000 3180 3600 3420 3600 3720 4440 5100 4380 5400 5760 4500 6240 6960 7680 3120 3240 3360 3480 3540 3660 2820 2400 2280 2160 2040 1920 1800 1500 1860 1920 2040 2100 1500 1020 600 480 300 180 
2100 1740 2580 2280 3480 3240 3120 3000 3060 2760 3360 3360 3600 3780 3480 3540 3660 4200 4380 5940 4440 6420 7140 7860 3480 3420 3720 3840 3720 3660 2700 2400 2400 1920 2220 2100 1980 1680 1920 1680 1800 1860 1260 840 1440 420 480 360 180 
2520 2640 3000 3120 3120 3660 3540 3000 3060 3600 3360 4200 3600 4200 3900 3960 4080 4620 5940 5520 4860 6840 7560 8280 3900 4020 4140 4080 3900 3900 3300 2580 2460 2760 2580 2520 1980 2100 2340 2100 2220 2580 1680 1260 1860 840 900 780 600 420 
3000 2640 3480 3180 3960 4020 4320 3480 3540 3660 4320 4260 4080 4260 4380 4440 4560 5100 4860 5580 5340 20880 8100 8820 4380 4500 4500 4620 4680 4500 3480 3060 2940 2820 3180 2580 2940 2640 2820 2880 2700 2760 2160 1740 1740 1320 1440 1320 1140 900 480 
540 960 1320 1500 1560 1740 2040 1860 1800 1920 1920 2340 2040 1740 2460 2520 2640 1740 2040 2760 2460 3420 4140 4980 1560 1740 1860 1860 2040 2160 2760 1020 1500 1560 1680 1620 1620 1740 1920 2340 2820 3180 2580 2040 3420 2580 2760 2880 2820 3060 3420 3720 
240 840 900 1020 1500 1560 1740 1320 1320 1440 1740 2100 1860 1980 2160 2220 3600 1920 2100 3420 2640 3180 3900 4620 1140 1260 1380 1500 1560 1680 2580 960 1080 1200 1320 1440 1560 1380 1860 2040 2400 2760 2520 1800 2100 2280 2400 2520 2700 2940 3420 3420 180 
300 780 1020 1140 1920 1320 1980 1440 1440 1560 1740 2160 1980 2160 2280 3000 2700 2880 2760 3480 3060 3300 4020 4740 1260 1380 1500 1620 1680 2100 2520 1020 1080 1200 1320 1440 1560 1740 1860 1860 2400 2760 2520 1740 3120 2100 2400 2520 2700 2520 3420 3960 540 600 
300 900 1140 1200 1500 1380 1980 1560 1500 1620 1800 2280 2040 2280 2280 3120 3780 2760 3000 3600 3120 3480 4140 4920 1320 1440 1620 1740 1800 2160 2520 840 1080 1320 1380 1440 1620 1440 1920 2040 2400 2340 2580 1800 2160 2340 3420 2580 2820 3000 3060 4020 420 420 240 
240 780 1260 1380 1560 1920 2040 1800 1680 1620 1920 2340 2160 2580 2460 2640 2700 3180 2940 3360 3360 3480 4140 4860 1440 1620 1740 1860 1920 2160 2640 780 1200 1260 1440 1560 1620 1620 1980 2040 2580 2340 2580 2100 2520 2400 3480 2760 3000 3180 3240 3600 420 360 540 240 
360 780 1260 1380 1800 1500 2160 1800 1740 1860 1920 2340 2160 2460 2580 3240 2760 3060 3180 3840 3120 3540 4260 4800 1740 1680 1680 1800 2040 2220 2820 960 1200 1620 1620 1680 1740 1920 1980 2220 2820 2760 2640 2280 2520 2760 3600 2940 3060 3300 3780 4140 540 1020 600 360 120 
480 1080 1320 1440 2160 1920 2220 1800 2040 1980 2160 2580 2400 2580 2880 3360 2880 3420 3240 3900 3600 3900 4560 5220 1680 1860 1920 2040 2040 2700 2880 1320 1620 1620 1680 1740 1860 1980 2220 2340 2760 3120 2820 2460 3780 2760 3720 3000 3180 3180 4080 4440 660 600 720 480 240 120 
1020 900 1380 1440 1800 1920 2280 1980 1980 2040 2280 2760 2520 2700 2940 3600 2940 3480 3420 3960 3720 3780 4500 5220 1740 1980 1800 1920 2040 2460 2880 1500 1560 1740 1620 1680 2040 2280 2100 2280 3000 3180 3000 2400 3660 2820 4080 3180 3360 3660 3840 4680 900 900 1020 780 480 360 240 
720 1020 1680 1860 2220 2100 2520 2220 2100 2220 2400 2880 2640 2940 3000 3540 4440 3060 3420 4020 3900 3900 4860 5580 2220 2100 2220 2340 2400 2640 3060 1740 1380 1440 1440 1860 2160 2280 2340 2520 2760 3300 2940 3240 3780 3000 3360 3240 3420 3660 3840 4680 900 840 960 720 480 360 240 240 
840 1440 1680 1620 2160 2040 2220 2220 2220 2280 2520 2940 2760 3000 3060 3900 3300 3360 3480 4440 3780 4260 4740 5700 1800 2340 2340 2520 2520 2580 2760 1380 900 1200 960 1320 1740 1920 2040 1920 2400 2640 2400 2700 3000 3120 3240 3360 3540 3300 4440 4200 1920 1500 1080 840 600 480 360 360 120 
1680 1920 2460 2220 2640 2400 2640 2460 2580 2580 2880 3480 3240 3360 3600 3780 3780 4260 3960 5760 4080 4380 5520 6060 2160 2700 2880 3000 2880 2760 3120 2160 1500 1560 1140 1920 1920 2100 2220 2340 2640 3120 3060 3360 3540 3480 3660 3720 3960 4380 4620 4740 1380 1980 1500 1260 1320 840 720 780 600 480 
1260 1980 2160 2220 2700 2580 2820 2580 2640 2760 3180 3540 3420 3360 3540 4380 4080 4260 4080 4920 4560 4680 5580 6120 2520 2640 3000 3060 2940 2880 3360 2160 1500 1620 1440 2220 1980 2460 2820 2760 3300 3240 3300 3120 4500 3540 4320 3780 4200 3960 4860 5460 2880 1380 1500 1260 1020 1500 780 780 540 240 180 
1380 2160 2760 2340 2940 2700 2820 2820 2880 2880 3240 3600 3300 3600 3780 3900 4200 4380 4380 5520 4500 18660 5520 6240 2520 3120 3120 3180 3240 2940 3420 2220 1680 1980 1560 2280 2460 2520 2640 2940 3180 3480 3360 3240 4440 3900 4860 4140 4320 4080 4800 5400 1560 2400 1620 1380 1140 1020 900 900 1080 360 300 120 
960 1560 2040 2040 2220 1980 2580 2400 2580 2700 2760 3180 3360 2940 3180 3780 4680 4380 3720 4860 4140 4380 5340 5580 1680 2220 2700 2580 2640 2220 2820 1800 1260 960 840 1440 1680 1680 1980 2100 2580 2820 2580 2580 2940 3240 4440 3720 3660 3900 4080 4620 1140 1080 1200 960 720 1140 480 480 240 120 600 660 780 
1080 1680 2100 2100 2640 2400 2640 2700 2460 2700 2880 3420 3240 3420 3420 3840 3960 3840 3960 3840 4080 4260 5460 5700 2340 2700 2580 3120 2760 2820 3240 1860 1620 1560 1080 1500 1620 1920 1920 2100 2820 2880 2700 2760 3180 3180 4320 3600 4020 3660 4200 5040 1260 1200 1320 1080 1560 1380 600 600 360 240 720 840 900 120 
2100 1920 2220 2400 2700 2820 2880 2700 2820 3180 2880 3180 3120 3300 3540 3720 4920 3600 4680 3540 4260 4620 5340 6300 2340 2820 2940 2820 2880 2880 2040 1980 1920 1620 1560 1740 1800 1860 1860 2220 1920 2760 2700 2880 3300 3360 3600 3720 3900 4140 4200 4680 2880 2160 1800 1200 960 840 720 720 480 360 840 960 900 240 120 
120 540 600 720 1020 900 1440 1020 1020 1140 1320 1800 1560 1800 1860 2640 2280 2160 2340 3120 2700 2880 3600 4320 840 960 1080 1200 1260 1560 1980 660 780 900 1020 1140 1260 1440 1560 1740 2100 2460 2220 1560 2820 1980 3000 2220 2400 2640 3120 3660 360 300 300 420 420 540 660 900 900 1200 1440 1740 1860 1140 1260 1380 
300 660 780 900 1200 1080 1380 1200 1200 1320 1500 1980 1740 1980 2040 2100 2220 2460 2400 2580 2940 3060 3780 4500 1020 1140 1260 1380 1440 1500 1980 900 1020 1140 1260 1380 1500 1260 1800 1980 2400 2760 2280 1680 3060 2040 3300 2460 2640 2460 2880 3900 660 480 600 720 960 840 960 1260 1200 1320 1800 1800 1920 1440 1560 1680 300 
360 600 960 1080 1140 1200 1260 1440 1380 1500 1680 2160 1920 2220 2280 2340 3600 2880 2760 3480 3240 3300 4020 4740 1320 1380 1500 1620 1620 1380 1680 1020 1140 1260 1440 1500 1620 1320 1920 2040 2460 2820 2580 1860 2220 2160 2460 2580 2760 2700 3480 3480 780 360 780 840 960 900 1020 840 1140 1560 1380 1920 2100 1560 1680 1800 360 240 
480 960 1140 1200 1320 1260 1200 1560 1560 1680 1860 2340 2100 1980 2400 2520 2580 3060 2820 3480 3360 3480 4200 4920 1320 1680 1620 1680 1860 1200 1560 1140 1320 1440 1560 1740 1800 1860 2100 2280 2580 3000 2700 2040 3300 2340 2700 2760 2940 2760 3600 4140 900 600 900 900 660 780 960 780 1440 1800 1440 2100 2160 1740 1860 1980 480 480 240 
600 720 1080 1080 1140 1140 1200 1560 1800 1740 1740 2280 2220 2400 2520 3000 3720 2640 3000 3540 3240 3360 4080 4800 1380 1560 1920 1680 1620 1080 1560 1080 1260 1500 1620 1680 1740 1560 2160 2160 2640 3000 2640 2160 2460 2520 3420 2820 2760 3300 3240 3840 1020 660 960 1020 900 1260 1380 1140 1500 1740 1740 2160 2280 1800 1980 2040 480 480 540 240 
660 600 1080 960 1020 1080 1020 1380 1560 1560 1740 2160 1920 2220 2280 2700 3660 2760 2880 4020 3180 3360 3900 4800 1200 1440 1620 1560 1920 1020 1560 1020 1200 1500 1500 1560 1740 1680 1800 2100 2520 2880 2640 1980 2400 2220 2700 2640 2880 2940 3240 3720 1080 720 1020 1140 1140 1260 1380 1200 1560 1740 2220 2160 2340 1980 2280 2160 660 540 420 480 180 
660 540 900 900 960 1080 1080 1320 1500 1680 1620 2160 1800 1980 2340 2940 3600 2880 3000 3660 3000 3600 4020 4800 1140 1380 1560 1380 1740 960 1380 840 960 1200 1500 1620 1500 1260 1980 2220 2460 2700 2460 2160 2340 2400 2340 2820 3000 2760 3300 4200 1140 720 960 1080 1020 1260 1380 1200 1560 1680 2160 2220 2400 1920 1980 2100 660 540 360 360 360 240 
900 600 1020 1080 1080 1020 1140 1320 1440 1620 1500 2100 1980 2040 2340 2460 3780 3120 2940 3780 3120 3360 3960 4920 1260 1500 1560 1560 1560 1080 1500 1260 1560 1620 1560 1500 2040 1560 2220 2220 2880 3000 2520 2280 3540 2520 3780 2820 2760 3180 3360 3780 1260 780 1080 1020 1200 1380 1560 1260 1800 1860 2100 2280 2520 2220 2160 2340 840 660 600 540 360 300 180 
1020 780 1080 1140 900 960 1260 1320 1620 1320 1740 1860 1500 2040 2280 2820 3660 2880 3120 4020 3180 3540 4320 4800 1380 1500 1620 1740 1620 1260 1560 1320 1440 1620 1740 2040 1860 1860 2400 2520 2820 3120 2640 2340 2640 2580 3000 3120 3120 3060 3600 4140 1320 900 1380 1320 1320 1560 1500 1380 1680 1980 2340 2520 2700 2220 2400 2400 1020 840 660 540 540 360 180 120 
1140 900 1080 1080 1260 900 1200 900 1680 1500 1620 2220 1260 1920 2520 2760 3180 3240 3000 3540 2820 3540 4140 5100 1500 1680 1560 1620 1800 1260 1800 1380 1260 1560 1680 1740 1980 1800 2040 2520 2880 3120 3000 2580 3780 2640 3900 2760 3300 3300 3660 4140 1560 1080 1320 1200 1260 1560 1560 1560 2040 1860 2400 2400 2640 2520 2340 2460 960 840 780 600 600 480 360 180 180 
1140 840 1140 1080 900 960 1320 900 1320 1500 1620 1860 2160 1920 2400 3000 2400 3060 3360 4140 3300 3720 4260 4980 1680 1680 1740 1860 1920 1920 1980 1500 1740 1620 2160 1980 2160 2280 2280 2760 3180 3420 3240 2520 2760 2880 3480 3060 3240 3540 3780 4260 1620 1080 1500 1440 1500 1680 1620 1380 1860 2100 2220 2640 3000 2340 2280 2760 1080 960 900 780 660 600 360 300 300 300 
1380 840 1140 1020 1020 1020 1500 1080 1560 1620 1920 1620 1320 1860 2520 2280 3060 3180 3480 4200 3240 3960 4620 5160 1440 1560 1680 1800 2100 1680 2220 1800 1740 1680 1980 2220 2040 2160 2280 3000 2940 3360 3300 2880 3780 3060 4080 2820 3000 3480 3720 4020 1740 1260 1680 1080 1680 1680 1740 1620 1980 1980 2760 2760 2820 2400 2700 2700 1320 1200 1020 780 840 660 420 360 300 240 180 
1620 1140 1560 1260 1380 1380 1500 1320 1800 1920 2040 2280 2100 2700 2700 3420 4020 3300 3060 3660 3540 3780 4680 5400 1800 2100 1920 2160 2340 1800 2580 1920 2220 1860 2400 2160 2160 2280 2460 3000 3360 3720 3240 3360 4020 3060 3600 3720 3600 3960 4140 4620 1920 1500 1860 1740 1560 1620 2160 1920 2100 2340 3000 2820 2820 2700 2880 2940 1380 1200 1140 960 840 780 540 420 360 300 180 240 
1440 1080 1560 1500 1320 1380 1680 1440 2040 1800 1920 2760 2520 2340 2700 2760 3060 3540 3480 4200 3840 4020 4740 5280 1860 2100 1980 2340 2160 1800 2580 1860 1680 2100 2400 2220 2400 2400 2820 2880 2940 3480 3060 2520 4140 2880 3120 3240 3600 3540 4260 4680 1740 1440 1800 1740 1800 2100 1980 1980 2400 2340 2760 3060 3240 2640 2760 2820 1500 1200 1020 900 840 780 540 480 540 480 480 300 60 
780 1020 1140 900 900 840 1080 1200 1440 1680 1800 2220 1980 1980 2460 3120 3660 3120 2880 4080 3180 3420 4320 4920 1140 1320 1680 1500 1440 900 1380 1380 1500 1380 1500 1920 1860 1800 2100 2400 2700 3120 2880 2220 3300 2580 2820 2940 3180 3300 3540 3900 1200 840 1200 1260 1320 1440 1560 1380 1680 1860 2340 2400 2580 1980 2220 2220 780 660 540 480 540 480 240 180 480 480 420 540 540 600 
720 1020 960 720 780 840 960 1380 1440 1680 1740 2160 1860 2040 2280 2940 3480 2760 2760 3840 2880 3600 4260 5040 960 1260 1320 1440 1560 840 1140 1320 1500 1500 1800 1920 1920 1740 2220 2520 2700 3120 3060 2340 3480 2640 2880 2880 3120 3000 3900 4320 1200 780 1140 1200 1260 1560 1560 1740 1740 1980 2340 2460 2580 1980 2160 2400 780 600 540 420 480 360 240 300 300 480 480 540 540 600 120 
780 960 720 840 840 720 840 1140 1500 1560 1680 2040 1800 2340 2220 2340 3480 2880 3120 3780 3180 3660 4320 5040 1080 1260 1560 1440 1380 840 1200 1260 1500 1500 1980 1920 1980 1740 2220 2460 2880 3300 2940 2280 3600 2820 3780 3000 3240 3120 3780 4440 1320 960 1140 1260 1440 1440 1620 1680 1920 1920 2400 2520 2520 1980 2220 2280 780 720 540 480 540 420 300 420 480 540 900 660 780 780 240 240 
780 1200 540 720 780 780 780 1260 1500 1500 1740 2220 1920 2160 2220 3000 2520 3000 3180 3840 3240 3540 4200 4980 960 1320 1260 1200 1500 840 1260 1440 1500 1500 1800 1740 2040 1980 2280 2460 2700 3000 3000 2280 3300 2520 3420 3000 3060 2700 3420 4200 1320 960 1260 1260 1500 1500 1620 1560 1980 1980 2160 2460 2640 2100 2160 2400 900 780 660 600 600 540 360 420 480 600 960 1020 1260 1020 360 180 300 
960 840 600 840 840 780 900 1440 1440 1560 1740 2100 1920 2160 2280 3060 3720 3000 3240 3540 3120 3540 4320 5040 1020 1320 1620 1740 1440 720 1740 1500 1440 1560 1920 1980 2040 1980 2400 2340 2940 3120 2940 2340 2700 2820 3660 2940 3360 3120 3540 4500 1440 960 1260 1320 1560 1740 1740 1800 1920 2100 2580 2640 2700 2160 2520 2520 960 840 780 720 720 540 420 600 600 720 1020 1080 1140 1380 420 300 420 60 
1200 900 720 840 900 840 900 1320 1320 1440 1620 2100 1620 2100 2160 2820 2280 2880 2640 4140 3000 3540 4260 5100 1080 1380 1440 1440 1500 1320 1440 1380 1680 1680 2040 2040 2100 1800 2460 2640 3000 3180 3120 2700 2760 2940 3780 3120 3360 3540 3960 3900 1680 1200 1440 1560 1680 1800 1860 1980 2160 2340 2640 2760 2880 2460 2700 2640 1200 1020 960 780 900 660 540 660 660 840 900 960 1200 1260 600 360 540 240 120 
1200 1080 480 660 660 720 780 1200 1200 1320 1500 1980 1740 1980 2040 2820 2400 2760 2520 3420 2820 3480 4080 4920 900 1320 1200 1320 1380 1200 1860 1620 1440 1740 1800 1980 1920 1800 2340 2640 2940 3240 3060 2100 3540 2760 3720 3000 3180 2880 3660 4500 1620 1260 1620 1620 1500 1740 1980 1560 2220 2280 2580 2640 2820 2340 2520 2640 1140 1080 960 1020 960 780 660 780 780 900 1080 1140 1320 1140 600 540 540 240 300 180 
360 660 840 960 1200 1140 1620 1260 1260 1380 1560 2040 1800 1980 2100 2640 3240 2760 2340 3000 2640 3120 3840 4560 1080 1200 1320 1440 1500 1560 2460 840 960 1080 1200 1320 1440 1200 1740 1920 2160 2700 2280 1680 3000 1980 3240 2400 2580 2820 2820 3300 360 180 540 600 540 1140 780 1020 1020 1140 1620 1980 2100 1260 1380 1500 240 300 540 360 660 660 780 840 840 960 960 1140 1260 1380 840 720 840 1080 1140 1260 1320 
300 840 1020 1140 1380 1320 1680 1440 1440 1560 1980 2220 1980 2040 2280 2340 3420 2340 2760 3300 3060 3300 4020 4740 1260 1380 1500 1620 1680 1740 2100 1020 1140 1260 1380 1500 1620 1800 1920 2100 2520 2880 2460 1920 2160 2160 3420 2580 2760 3000 3000 3480 540 180 600 660 600 720 840 1140 1080 1200 1680 1680 1800 1320 1440 1560 180 420 480 420 540 600 600 660 720 840 1020 1140 1200 1260 660 600 660 840 960 1020 1020 180 
420 1080 1380 1320 1560 1500 1800 1620 1620 1740 1920 2340 2160 2160 2460 2640 2880 2460 2460 3420 3240 3480 4200 4920 1800 1560 1680 1800 1860 1740 2040 1200 1320 1440 1560 1680 1800 1500 2100 2280 2700 3060 2580 2040 2340 2520 2640 2760 2940 2760 3660 4200 600 420 720 960 780 900 1020 1320 1260 1680 2340 1860 1980 1500 1620 1740 600 480 480 300 480 540 660 660 720 900 900 1020 1080 1260 780 540 840 1020 960 1140 1260 360 180 
480 960 1320 1260 1440 1440 1620 1380 1560 1680 1860 2340 2100 2220 2400 2520 2640 3120 2700 3180 3180 3480 4200 4920 1560 1560 1800 1800 1860 1560 1920 1260 1320 1440 1560 1680 1800 1680 2100 2160 2580 3060 2640 2040 2340 2340 2640 2760 2940 2760 3660 4200 540 240 660 1020 780 960 1200 1320 1380 1800 2280 1860 2040 1680 1620 2220 420 420 300 240 360 420 420 540 660 720 780 960 1020 1080 600 600 660 900 900 1140 1020 240 180 180 
600 1080 1200 1320 1380 1440 1440 1680 1680 1800 1920 2280 2220 2400 2520 2700 3840 3120 2700 3660 2880 3540 4260 4980 1440 1860 1740 1980 1920 1440 1800 1260 1440 1500 1680 1740 1860 1740 2100 2340 2760 3120 2820 2160 3420 2400 3660 2880 3000 2880 3780 4260 600 420 960 1020 720 900 1140 1380 1380 1500 1740 1980 1980 1740 1860 1860 480 480 240 180 240 360 480 540 540 720 780 840 900 1020 600 600 600 780 840 900 1020 360 300 360 180 
240 900 1320 1320 1680 1680 1980 1680 1740 1680 1860 2340 2280 1680 2160 3000 3120 3060 2100 2040 2520 3600 4140 5040 1560 1680 1860 1920 2040 2100 2520 1320 1500 1560 1620 1860 1860 1560 2160 2280 2760 2880 2640 2880 3240 2460 3660 2820 3120 2880 3300 3780 60 240 600 480 1140 600 720 1560 960 1080 1500 1560 1680 1200 1320 1440 480 720 720 720 780 1080 1020 1260 1320 1140 1440 1740 1680 1620 1140 1140 1320 1440 1620 1680 1680 420 480 660 420 780 
480 1200 1440 1560 1980 1920 2160 1860 1860 1980 2040 2580 2400 1800 2580 2340 3300 1980 2040 3120 3360 3660 4380 5100 1620 1740 1860 1980 2040 2040 2460 1440 1320 1620 1800 1860 1860 1740 2280 2520 2940 3240 2940 2220 2580 2580 3660 3000 3180 3000 3780 3900 240 360 720 720 660 1260 900 1200 1140 1260 1740 1740 2520 2400 1500 2520 540 840 660 660 960 780 1140 1260 1320 1440 1500 1620 1860 1800 1260 1140 1260 1500 1500 1740 1620 720 660 720 900 420 180 
600 1080 1260 1380 1620 1560 2040 1620 1680 1800 1980 2400 2220 1860 2340 2520 2700 2100 2220 2820 3300 3540 4260 4980 1500 1620 1740 1860 1920 2100 2280 1260 1380 1500 1620 1740 1860 2040 2160 2340 2760 3120 2820 2340 3420 2400 2700 2820 3000 3240 3240 4260 480 360 780 720 720 840 960 1320 1680 1320 1800 1800 1920 1440 2220 1680 600 780 660 540 780 900 960 1020 1020 1140 1380 1560 1560 1620 1080 1140 1260 1200 1320 1620 1440 480 360 480 240 360 420 240 
480 1080 1200 1320 1620 1500 1920 1620 1620 1740 1920 2400 2160 2040 2460 2580 3900 2040 2280 3240 3420 3480 4200 4920 1680 1560 1680 1800 1860 1740 2220 1260 1380 1500 1620 1740 1860 1980 2160 2340 2700 3060 2820 2160 3420 2400 2700 2820 3000 2820 3240 4260 540 360 720 780 720 840 1560 1260 1200 1800 1800 1800 1920 1440 1560 1680 420 600 720 600 660 780 720 780 840 1080 1020 1260 1440 1440 900 780 840 1080 1200 1260 1260 360 180 240 420 360 300 480 180 
540 1140 1260 1320 1500 1560 1740 1500 1680 1800 1980 2520 2220 2280 2580 2700 2700 2400 2760 3420 3000 3540 4260 4980 1680 1620 1980 1860 1920 1860 2160 1320 1440 1560 1680 1800 1920 1620 2220 2280 2760 3180 2880 2220 3480 2640 2760 2880 3060 3300 3780 4260 900 480 900 960 900 1320 1140 1440 1380 1740 1980 1980 2100 1620 2400 2520 480 600 540 420 540 660 600 660 720 840 960 1200 1200 1320 780 600 780 840 1020 1140 1140 420 240 120 180 420 420 360 360 180 
420 960 1020 1260 1560 1440 2040 1680 1620 1740 1980 2400 2160 2340 2520 3180 3840 3000 2940 3660 3240 3600 4200 5040 1500 1620 1740 1680 1800 2100 2580 1080 1320 1440 1500 1620 1800 1560 1800 2160 2580 2700 2580 1980 2280 2460 2640 2760 2940 2820 3120 3600 600 780 480 180 600 600 660 1020 1140 1140 1440 1500 1620 1140 1260 1380 600 900 840 720 1140 960 1080 780 900 900 960 1260 1740 1380 900 1260 1140 1380 1620 1440 1560 720 780 960 900 900 660 1020 1080 960 1080 
300 780 1080 1500 1680 1620 1920 1620 1800 1860 2040 2520 2280 2580 2640 3060 4020 3420 3060 3180 3600 3480 4260 5040 1440 1680 1860 1860 1740 1980 2580 1260 1320 1440 1620 1680 1740 1740 1860 2340 2700 2820 2640 2700 3420 2460 3360 2880 3060 3240 3360 3720 720 840 300 300 720 720 780 1020 1080 1140 1620 1620 1740 1620 1380 1500 480 840 840 840 540 720 1140 1260 780 1380 1020 1620 1620 1680 1260 1140 1320 1320 1380 1440 1620 900 1080 960 840 720 1200 1080 1080 960 1200 120 
420 600 960 1500 1800 1440 1800 1680 1740 1860 2040 2280 2100 2580 2640 3360 2940 3000 3060 4260 3600 3720 4320 5040 1260 2160 1680 1620 1800 1860 2220 1140 1380 1440 1440 1800 1800 1680 2100 2100 2700 2820 2580 2640 3540 2760 3720 2880 3000 3240 3480 3960 840 720 360 480 780 780 900 780 1140 1260 1440 1740 2040 1380 1500 1980 900 780 900 480 720 900 960 1140 1140 840 1380 1260 1560 1560 1140 960 1080 1260 1320 1380 1440 1020 900 840 660 540 1080 1140 1020 900 840 240 120 
240 600 720 840 1140 1020 1740 1140 1140 1260 1440 1920 1680 1860 1980 2400 2400 2100 2160 3240 2820 3000 3720 4440 960 1080 1200 1320 1380 1440 2520 780 900 1020 1140 1260 1380 1560 1680 1860 2220 2580 2340 1620 1920 2100 2220 2340 2520 2760 3240 3240 300 240 360 480 480 600 720 960 960 1080 1560 1560 1680 1200 1320 1440 180 480 240 600 600 660 780 960 960 1080 1200 1320 1440 1380 900 840 900 1140 1140 1380 1260 240 420 420 420 480 480 480 240 600 720 720 720 780 
420 780 900 960 1500 1620 1740 1320 1320 1440 1800 2100 1860 1920 2160 2340 2340 2820 2280 2940 2640 3180 3900 4620 1140 1260 1380 1500 1560 1620 2040 900 1020 1140 1260 1380 1500 1260 1800 1980 2400 2760 2460 1740 2040 2220 3300 2460 2640 2880 3360 3900 120 0 420 360 300 420 1140 840 780 900 1380 2040 2160 1920 1140 1260 300 540 300 360 660 660 600 780 840 1020 1080 1260 1380 1500 780 720 780 1080 1080 1200 1260 240 240 480 300 420 360 600 420 420 540 480 600 780 180 
780 1140 1320 1320 1380 1440 1440 1800 1920 1920 2160 2520 2340 2400 2640 3000 4020 3060 3060 3840 3360 3660 4380 5160 1680 1860 2100 1860 1920 1500 1800 1380 1500 1620 1740 1920 1980 1800 2280 2520 2760 2880 2760 2160 2520 2580 3840 2940 3120 3420 3780 4440 960 780 1200 900 1020 960 1380 1260 1440 1620 1560 2100 2160 1740 1860 1980 720 720 420 240 420 480 600 660 780 780 900 960 1080 1140 720 600 660 780 960 1020 1080 720 660 840 660 420 780 720 720 720 480 540 600 420 840 720 
660 600 1020 1320 1680 1620 1740 1740 1740 1860 2040 2520 2280 2520 2580 3180 3000 3000 3060 3780 3360 3480 4200 4920 1560 1680 1500 1620 1800 1740 2160 1080 1500 1500 1620 1740 1740 1740 2100 2280 2700 2880 2760 2160 3300 2520 2760 2940 2880 2820 3360 4020 960 600 900 660 360 780 900 660 960 1260 1260 1680 1860 1380 1500 1620 720 480 540 300 780 840 900 600 720 1140 1260 1320 1380 1440 720 900 1020 1140 1200 1380 1440 660 900 660 480 420 1020 960 840 660 660 420 300 120 780 540 300 
780 840 1020 1320 2040 1500 1920 1500 1680 1740 1920 2400 2220 2460 2520 3240 2700 2880 3000 4140 3240 3360 4260 4980 1320 1620 1740 1680 1920 1920 2460 1140 1260 1500 1500 1740 1860 1620 2160 2340 2760 2700 2700 2100 2460 2460 2760 2820 3000 3300 3540 3780 1140 840 660 420 420 720 660 720 900 1020 1440 1500 1620 1140 1260 1380 900 900 600 540 720 780 960 1200 1200 1320 1260 1560 1560 1560 1260 1140 1200 1320 1440 1560 1620 1020 960 780 780 660 960 1140 960 780 780 420 300 300 900 780 300 180 
600 660 1140 1320 1740 1440 2100 1740 1740 1860 1860 2340 2160 2400 2580 3060 2760 3300 2880 3660 3360 3300 4200 4920 1560 1500 1680 1800 1800 2160 2580 900 1200 1440 1500 1680 1740 1920 1980 2040 2520 2460 2640 1920 2400 2580 3480 2820 3000 2700 3360 3720 1020 540 660 600 180 300 420 600 900 1020 1260 1260 1380 1380 1020 1140 600 960 720 1080 840 780 1020 1080 1200 1320 1440 1440 1740 1740 1320 1200 1380 1500 1560 1680 1440 1080 780 1020 660 540 660 840 1020 840 1080 540 540 600 660 540 840 480 240 
240 900 1140 1260 1920 1380 2100 1800 1500 1620 1800 2280 2040 2400 2400 2880 3720 3060 2820 3660 3360 3420 4140 4860 1320 1500 1620 1740 1800 2220 2460 960 1140 1260 1380 1440 1680 1680 1920 2100 2520 2400 2640 2760 2160 2400 3420 2640 2820 2640 3480 4020 1080 600 300 0 420 360 480 780 720 840 1320 1320 1440 960 1440 1500 420 780 840 900 1080 1020 1140 1320 960 1080 1320 1140 1620 1500 1200 1200 1320 1500 1500 1680 1620 600 840 960 1020 960 480 960 720 780 900 120 240 420 480 360 900 600 360 480 
540 840 1320 1260 1860 1620 2100 1680 1680 1800 1980 2460 2280 2460 2460 3120 2760 3240 3060 3540 3480 3660 4380 5100 1560 1680 1800 1860 2040 2220 2820 960 1380 1500 1440 1740 1800 1620 2160 2280 2520 2520 2760 2100 3360 2460 2760 2880 3060 2760 3300 4320 720 720 600 360 480 720 720 840 960 1080 1560 1560 1680 1560 1320 1860 660 960 1020 780 1080 960 1140 1080 1260 1560 1380 1500 1380 1800 1260 1320 1440 1620 1740 1800 1800 840 1020 1200 1020 780 1320 1140 1080 1020 1020 240 300 480 780 840 840 480 300 300 300 
720 660 1140 1320 1560 1440 1980 1620 1560 1740 1920 2400 2100 2340 2520 3180 2760 3120 3120 3720 3360 3660 4200 4920 1440 1500 1740 1860 1860 2040 2520 1020 1260 1500 1560 1740 1740 1560 1920 2160 2580 2580 2640 2160 3180 2580 2760 2760 3000 3060 3540 3720 780 720 600 540 360 480 600 840 840 1080 1440 1440 1980 1080 1200 1320 780 960 660 720 780 720 960 1200 900 1140 1500 1440 1740 1560 1200 1200 1320 1440 1500 1680 1740 900 1020 1020 900 540 840 1020 1140 1200 840 240 360 420 900 660 660 300 120 180 360 180 
780 840 900 1080 1380 1560 1920 1440 1440 1560 1740 2220 1980 2160 2160 2340 3600 2940 2760 3720 3240 3300 4020 4740 1260 1200 1320 1620 1560 1860 2460 720 1140 1260 1380 1500 1560 1680 1800 1980 2460 2700 2580 1800 3180 2160 3420 2400 2700 2940 3480 4020 960 660 720 540 540 660 960 600 840 1020 1200 1620 1740 1260 1380 1500 660 600 540 420 660 720 840 900 1020 1080 1260 1440 1320 1560 1080 1140 1320 1140 1260 1320 1320 840 780 900 780 480 1020 1260 1140 960 960 300 240 480 780 660 660 300 240 360 540 480 300 
900 540 1080 1080 1440 1380 1920 1500 1440 1620 1800 2280 2040 2160 2340 2400 2520 2700 3000 3480 3120 3360 4080 4800 1320 1800 1440 1680 1620 2040 2400 720 1020 1200 1200 1440 1560 1620 1860 1980 2400 2460 2460 1980 2100 2400 3540 2700 2880 2700 3420 4020 1020 960 840 660 600 660 840 720 1080 1200 1740 1680 1800 1320 1440 1680 1020 1200 840 600 780 900 1140 1500 1200 1500 1380 1380 1620 1680 1260 1200 1320 1380 1440 1560 1560 1080 1200 1260 780 900 1080 1260 1380 1260 1080 600 600 600 660 840 780 660 540 480 600 420 600 300 
840 420 1020 1140 1680 1380 1860 1500 1500 1680 1800 2220 2040 2220 2340 3060 2580 3060 2760 3420 3180 3360 4080 4800 1140 1620 1560 1680 1680 1680 2220 540 900 1020 1200 1380 1440 1500 1800 1800 2160 2340 2280 1920 3300 2220 3360 2640 2820 2640 3300 3540 1080 1200 720 600 360 900 900 900 1260 1260 1560 1740 1860 1380 1500 1620 900 1080 780 600 1080 1020 1200 1140 1260 1440 1380 1560 1800 1800 1380 1440 1620 1560 1440 1560 1380 1080 1260 1080 780 720 1140 1320 1380 1500 1380 600 780 660 1020 1020 600 780 420 600 540 540 420 420 120 
840 660 900 960 1320 1200 1740 1320 1320 1440 1620 2100 1860 2100 2100 2220 3600 2880 3540 4260 3000 3180 3900 4620 1140 1260 1380 1440 1560 2160 2340 540 840 1080 1200 1260 1440 1320 1620 1860 2280 2460 2400 1860 3120 2280 3120 2520 2700 2520 3420 3960 1080 1200 780 540 480 1020 960 1080 1200 1380 1740 1740 1920 1800 1560 1740 960 1140 1200 660 1200 1080 1080 1260 1380 1440 1500 1560 1680 2040 1380 1440 1560 1560 1380 1500 1500 1140 1140 1500 840 1080 1260 1380 1320 1380 1020 660 780 660 1020 960 1260 600 600 540 600 540 480 540 240 120 
780 420 720 840 1140 1020 1560 1140 1140 1260 1440 1920 1680 1920 2040 2040 3420 2760 3240 3720 2160 3000 3720 4440 960 1080 1200 1320 1380 1560 2160 480 840 900 1140 1260 1380 1380 1620 1740 2160 2460 2280 1620 2940 1920 3180 2340 2520 2340 3240 3720 1080 1140 720 600 360 780 1020 1080 1320 1500 1680 1980 1920 1920 1860 1740 840 1140 1080 840 1200 1020 960 1080 1140 1260 1320 1380 1680 1740 1260 1320 1560 1260 1380 1320 1140 1080 1320 1440 1200 1260 1200 1320 1440 1440 1440 660 720 780 960 1020 960 660 720 540 540 660 420 300 240 300 180 
840 480 600 720 1020 900 1380 1020 1020 1140 1320 1800 1560 1800 1860 2640 2040 2520 3240 3060 2040 2880 3600 4320 840 960 1080 1200 1260 1740 2100 480 780 900 1020 1140 1260 1020 1560 1740 2100 2460 2220 1500 1800 1980 3000 2220 2400 2640 2640 3120 1200 1200 780 720 480 900 1020 1140 1380 1380 1860 1980 2040 1680 1800 1800 900 1080 1020 1020 1080 780 900 960 1080 1140 1320 1320 1560 1380 1140 1260 1620 1200 1260 1260 1200 1140 1320 1440 1380 1320 1260 1440 1440 1500 1440 780 840 1140 1020 1260 1080 780 540 660 660 660 720 420 360 240 360 180 
900 540 1200 840 1560 1020 1620 1140 1140 1260 1440 1920 1680 1860 2040 2700 2160 2640 2460 3300 2760 3000 3720 4440 960 1080 1200 1320 1380 1560 2100 360 780 960 1080 1080 1260 1440 1620 1800 2040 2400 2280 1560 2880 1860 3120 2280 2460 2700 2700 3720 1260 1260 900 780 600 960 1080 1320 1440 1560 1980 1920 2400 1500 1740 1920 1080 1200 1140 1200 1260 1200 1020 1020 1140 1260 1260 1440 1680 1620 1260 1620 1500 1380 1440 1500 1020 1260 1440 1620 1200 1260 1380 1500 1560 1620 1560 780 900 1020 1140 1140 1080 780 600 660 720 660 900 720 420 300 360 180 180 
900 540 1080 960 1260 1380 1680 1260 1320 1440 1620 2040 1860 2100 2220 2940 2340 2820 2700 4140 3120 3120 3840 4560 1080 1260 1380 1500 1500 1680 1860 360 780 840 900 1020 1200 1380 1620 1740 2160 2460 2220 2280 2040 2220 3360 2460 2700 2520 3360 3420 1380 1320 840 720 480 960 1140 1320 1380 1440 1920 1920 2040 1680 1860 1860 1080 1200 900 780 840 600 840 960 1200 1140 1320 1380 1560 1500 1080 1080 1140 840 900 840 660 1260 1440 1140 1080 1020 1380 1560 1560 1500 1380 840 960 960 1200 1260 1020 840 900 660 660 720 660 600 360 300 300 120 120 360 
1080 660 480 1140 1440 1440 1620 1560 1380 1500 1680 2160 2040 2280 2340 2880 2520 2940 3540 3960 2640 18360 4020 4740 1140 1500 1440 1620 1620 1560 2160 360 900 840 1020 1080 1200 1380 1620 1620 1920 2460 2280 1980 2340 2340 3060 2580 2760 2640 3060 4080 1380 1440 1020 840 660 1140 1500 1500 1500 1680 2160 2160 2280 1680 1740 1860 1200 1380 960 900 900 780 960 1080 1140 1260 1380 1500 1560 1740 1200 1200 1560 900 960 960 660 1320 1500 1680 1140 1380 1620 1620 1740 1740 1380 960 1080 1200 1200 1380 1140 900 720 780 780 840 960 780 480 420 420 240 240 480 120 
960 660 660 1080 1500 1440 1740 1380 1380 1500 1680 2100 1920 2100 2340 2940 3540 2940 2760 3840 3000 3420 4140 4860 1140 1500 1380 1500 1680 1680 1920 300 660 780 900 1020 1140 1320 1440 1500 1920 1920 2100 1860 2220 2160 2460 2580 2760 2940 3540 3960 1320 1320 900 780 600 1020 1080 1380 1500 1680 1980 2100 2400 1680 1680 2220 1080 1380 1140 1080 1500 1200 1140 1380 1320 1380 1620 1560 1800 1740 1440 1500 1500 1080 1080 1140 900 1320 1440 1500 1500 1200 1500 1500 1680 1620 1560 840 960 1020 1200 1320 1260 1020 720 720 720 780 840 480 420 300 360 180 180 240 60 120 
1080 780 900 1200 1800 1440 1680 1500 1560 1680 1860 2340 2100 2340 2460 2520 3840 3180 2880 3720 3240 3660 4200 5100 1500 1380 1620 1680 1740 1800 2160 480 600 720 840 960 1080 1260 1380 1560 1980 2340 2040 2220 2400 2460 2640 2760 2940 3120 3300 4140 1860 1500 1140 1020 780 1200 1500 1620 1560 1680 2100 2340 2400 2040 1920 2040 1140 1440 1440 1200 1260 1260 1260 1380 1500 1680 1800 1920 1920 1920 1500 1500 1680 1260 1320 1800 1020 1380 1560 1800 1560 1680 1740 1980 1800 1740 1740 1080 1200 1320 1320 1440 1440 1020 1140 960 960 960 1080 960 540 600 600 420 480 480 120 360 180 
900 540 900 1080 1560 1260 1800 1440 1440 1680 1800 2220 1980 2220 2460 2940 2460 2940 2760 4380 3480 3480 4200 4860 1380 1560 1920 1800 1860 1680 2340 360 480 600 720 840 960 1140 1260 1440 1860 2220 1920 2100 3360 2340 3600 2700 2880 2760 3600 4140 1740 1320 1320 1200 1080 840 1320 1800 1740 1680 2340 2340 2280 2040 2220 2220 1020 1320 1080 960 1080 900 1140 1380 1440 1440 1800 1740 1920 1980 1440 1440 1560 1560 1320 1140 1320 1200 1380 1620 1320 1260 1800 1740 1620 1620 1680 1320 1380 1200 1140 1320 1260 1260 1260 1140 1260 1140 1260 960 900 780 840 480 660 720 300 180 420 180 
600 1260 1560 1440 2100 1740 1860 1860 1920 2160 1920 2640 2340 1800 2100 2580 3960 1980 1980 2880 3300 3780 4440 5220 1800 1740 1860 2040 2100 2280 2520 1500 1380 1680 1860 1860 2040 1680 2340 2520 2880 3240 3060 3000 2580 2640 2940 3120 3060 3420 3540 4440 240 420 780 840 660 780 900 1140 1140 1260 1980 2580 2640 1380 2580 2580 600 840 1020 900 1080 1200 1320 1440 1320 1500 1500 1740 1740 1920 1500 1260 1320 1680 1620 1740 1800 600 660 780 480 600 240 180 480 300 600 1260 960 1320 540 420 780 960 1080 840 660 960 1020 1260 1260 1320 1440 1440 1620 1440 1560 1980 1620 1800 1800 
660 1440 1740 1680 2340 2280 2340 2040 2040 2220 2340 2700 2640 2100 2580 2580 3000 2040 2580 3180 2820 3960 4560 5400 1980 2160 2220 2400 2340 2460 2760 1680 1560 1920 2100 2040 2340 2220 2580 2760 3180 3600 3120 3180 2880 3060 3300 3060 3480 3240 3660 4200 420 660 1020 900 1440 960 1080 1380 1320 2400 1920 1920 2880 1560 1680 1800 780 1080 960 900 1200 1320 1500 1560 1560 1740 1860 2040 1980 2220 1620 1500 1500 1980 1860 2040 2100 840 840 720 840 720 420 600 360 420 540 1440 1140 1320 840 660 900 1500 1320 1080 1200 1320 1200 1440 1500 1500 1740 1740 1740 1920 1920 1980 2100 2040 2100 300 
720 1500 1800 1800 2460 2100 2340 2280 2100 2100 2340 2760 2700 2160 2640 2640 3000 3540 2280 3180 2880 4020 4740 5460 2100 1980 2280 2400 2460 2880 2820 1620 1860 2100 2220 1980 2160 2520 2580 2700 3180 3420 3300 2640 2880 3120 4200 3300 3540 3360 4020 4560 480 720 1080 960 1380 1800 1140 1440 1380 1500 2460 1980 2100 1620 1740 3060 900 1140 900 1200 1200 1380 1620 1560 1560 1860 1740 2160 2340 2040 1680 1380 1680 1800 1800 1920 2040 900 900 660 600 660 480 240 360 420 540 1140 1260 1200 900 720 900 1380 1380 1140 960 1260 1320 1380 1560 1620 1620 1980 1920 1800 1800 2100 1920 2220 2220 420 120 
0 360 600 660 1380 900 1620 1020 1020 1140 1320 1800 1560 1800 1860 1920 2040 2220 2400 3120 2640 2880 3600 4320 840 960 1080 1200 1260 1620 1980 540 660 780 900 1020 1140 900 1440 1620 2040 2340 2100 1440 2700 1860 2940 2100 2280 2520 2520 3540 660 300 180 300 240 360 480 780 720 840 1320 1320 1440 960 1080 1200 120 300 360 540 540 600 660 840 1020 960 1140 1380 1320 1320 840 660 840 960 1020 1260 1260 360 300 420 540 600 240 540 600 540 660 420 600 780 240 420 780 780 780 480 300 480 600 840 840 780 840 780 840 840 960 1020 1020 1080 900 420 960 720 
180 540 780 900 1200 1680 1680 1200 1200 1320 1500 1980 1740 1980 2040 2760 3480 2820 2520 3240 3000 3060 3780 4500 1020 1140 1260 1380 1440 1680 2400 720 840 960 1080 1200 1320 1080 1620 1620 2040 2520 2280 1560 1860 2040 3060 2280 2460 2700 2700 3720 300 420 240 240 660 360 480 780 720 840 1320 1620 1440 960 1080 1200 360 480 540 720 720 780 840 1020 1200 1200 1380 1500 1560 1560 960 900 960 1200 1200 1320 1380 600 480 660 720 780 360 540 600 720 840 420 420 480 480 240 960 660 660 420 240 420 540 720 900 840 840 900 960 1020 1020 1020 1080 1260 1080 540 780 1140 180 
120 660 900 1020 1260 1200 1920 1320 1320 1440 1620 2100 1860 2040 2220 2880 3540 2880 2640 3600 3120 3180 3900 4620 1140 1260 1380 1500 1560 2040 2460 840 960 1080 1200 1320 1440 1260 1740 1920 2280 2640 2340 1680 1980 1980 2280 2400 2580 2400 3300 3300 420 420 60 180 540 480 600 900 840 960 1500 1440 1560 1080 1200 1320 300 600 660 900 840 900 960 1140 1200 1260 1440 1560 1620 1740 1080 1020 1140 1200 1320 1560 1500 480 660 840 900 900 480 720 540 780 900 300 420 600 240 360 780 720 600 660 180 360 480 720 840 720 660 720 840 780 900 900 1020 1080 1260 840 900 1200 120 120 
480 960 1140 1380 1620 1500 2160 1680 1620 1800 1920 2400 2160 2400 2520 2580 2640 3120 2940 3660 3480 3600 4140 4980 1500 1620 1740 1860 1860 2400 2580 900 1260 1320 1380 1560 1680 1560 1980 2220 2400 2400 2640 2040 3240 2460 3480 2700 2880 2700 3600 3660 720 720 420 180 360 480 600 900 1140 1200 1440 1440 1560 1080 1200 1320 600 900 960 840 1140 1200 1260 1320 1500 1560 1620 1680 1920 1920 1440 1260 1500 1560 1620 1860 1740 780 1020 1140 1080 900 840 1020 1020 1140 1260 360 480 660 540 720 1020 720 480 360 300 180 360 720 540 420 420 480 600 600 660 600 720 840 1080 1020 1260 1560 420 420 300 
540 780 1320 1380 2100 1620 2040 1680 1740 1920 2040 2520 2280 2460 2520 3360 3960 2820 3000 3900 3360 3600 4260 5040 1560 1740 1740 1860 1980 2220 2640 840 1140 1380 1440 1560 1620 1560 2040 2220 2520 2400 2700 2160 2400 2640 3660 2760 3060 2880 3300 4140 600 600 540 240 180 480 420 720 660 780 1260 1260 1380 900 1020 1140 720 1020 1080 1020 1020 1260 1260 1500 1560 1440 1800 1800 1920 1980 1440 1380 1620 1560 1800 1800 1620 900 840 1020 960 840 720 900 960 960 1380 600 480 840 780 540 900 780 540 240 300 360 420 660 540 420 420 480 540 540 600 660 720 840 1140 840 1080 1140 480 480 420 180 
420 660 1080 1200 1860 1500 2040 1440 1560 1560 1980 2340 1980 2340 2460 2520 2580 3060 3060 3600 3300 3660 4200 4980 1440 1560 1680 1800 1800 2040 2340 660 1260 1200 1200 1620 1680 1740 1800 2040 2220 2220 2580 1980 3360 2400 2700 2880 3000 2760 3660 3600 540 540 540 360 120 240 360 660 600 720 1440 1200 1560 840 960 1080 780 1020 780 600 1140 1080 1080 1260 1380 1440 1500 1440 1740 1920 1320 1440 1560 1560 1680 1680 1440 720 1140 960 840 660 660 840 1080 960 1020 540 540 600 660 480 480 420 540 240 300 420 240 600 360 300 300 300 420 420 540 540 540 660 960 840 1020 1140 420 420 420 180 180 
540 720 1140 1260 1740 1560 2160 1800 1680 1800 1920 2460 2040 2340 2460 2640 3120 3180 3120 3900 3360 3600 4260 4980 1380 1560 1620 1860 1920 2220 2520 780 1260 1320 1200 1560 1680 1860 1980 2160 2520 2220 2640 2160 3540 2520 2820 2820 3000 2940 3840 4260 720 660 600 420 300 480 720 660 840 960 1380 1380 1500 1320 1140 1260 900 1080 840 660 900 1080 1080 1320 1320 1380 1440 1500 1860 1740 1380 1440 1620 1620 1620 1680 1500 960 900 1080 900 720 780 960 1080 1080 1200 540 660 540 840 1080 600 360 360 120 360 420 600 600 480 420 300 360 480 540 540 540 600 780 960 960 1140 1380 720 660 540 240 360 120 
720 780 1260 1380 1920 1860 2100 1680 1740 1860 2040 2520 2220 2520 2640 3240 3780 3120 3060 3060 3360 3600 4260 4980 1500 1560 1800 1860 1920 2160 2520 780 1260 1200 1200 1500 1680 1740 1860 2040 2280 2160 2640 2100 2580 2640 3660 2880 3060 3120 3420 3960 900 1020 720 420 480 660 720 840 1020 1140 1560 1740 1680 1500 1320 1440 840 1080 1020 780 1020 1080 1380 1380 1500 1740 1500 1680 1920 1920 1500 1500 1560 1560 1680 1740 1440 1020 1200 1200 960 720 960 1380 1260 1080 1140 600 660 840 900 840 960 420 660 420 480 480 780 540 420 360 480 420 540 480 600 600 600 780 960 1140 1380 1440 660 600 540 420 240 300 180 
780 720 1200 1380 1920 1620 2040 1740 1680 1860 2040 2520 2280 2520 2520 3120 3840 3120 3600 4080 3540 3600 4320 5040 1560 1680 1740 1920 1800 1980 2460 780 1200 1260 1080 1440 1560 1740 1860 1980 2280 2100 2460 2160 2520 2520 2580 2880 3060 2940 3660 4080 1020 1080 720 540 360 720 840 1080 1080 1320 1740 1800 1860 1740 1560 1560 960 1140 1080 720 1140 1080 1380 1560 1560 1560 1560 1740 1740 1860 1500 1440 1560 1620 1800 1680 1560 1080 1260 1020 1020 840 1080 1380 1200 1260 1140 600 720 720 1020 960 720 540 600 480 540 540 660 480 360 240 360 360 480 480 600 660 600 780 780 1320 1500 1620 720 720 600 420 300 300 180 180 
840 1140 1260 1320 2040 1860 1980 1680 1680 1800 1980 2460 2220 2460 2520 3240 2700 3120 3300 3780 3840 3540 4260 4980 1500 1620 1740 1860 1920 2340 2580 780 1080 1320 1020 1380 1680 1620 1740 1740 2160 2040 2400 2160 3480 2460 2760 2880 3060 3300 3300 4320 1140 1080 780 540 360 660 960 1140 1200 1320 1860 1680 1860 1560 1500 1680 900 1140 1020 720 1020 1200 1320 1560 1560 1500 1920 1860 2040 2040 1620 1560 1680 1740 1800 1920 1860 1140 1260 1320 1080 720 1080 1380 1440 1260 960 720 840 720 960 1020 780 420 600 480 540 540 600 540 420 300 420 480 720 540 600 660 660 840 660 1440 1500 1740 780 660 660 480 360 360 240 360 120 
960 1260 1380 1680 1980 1860 2100 2040 2040 2100 2340 2760 2520 2580 2760 3300 3000 3480 3300 4020 3420 3900 4620 5340 1860 1860 2220 2220 2220 2100 2640 480 780 1080 900 1260 1500 1500 1680 1860 2220 1980 2400 2400 3720 2940 3960 3180 3360 3120 4080 4680 1200 1080 840 660 540 540 900 1140 1260 1320 1680 1740 1980 1620 1680 1620 1020 1200 1020 900 1080 1260 1440 1920 1620 1620 1740 1920 1860 2040 1620 1500 1860 1680 1740 1980 1740 1320 1380 1200 1140 960 1620 1440 1380 1500 1140 840 960 1020 1200 1260 840 720 720 660 660 780 660 900 540 480 600 660 840 900 1020 960 960 720 540 1500 1680 1740 840 840 780 600 480 480 420 360 240 300 
1080 1200 1440 1740 2160 1920 2280 2220 1920 2040 2400 2940 2580 2820 2820 3060 3060 3540 3420 4200 3540 4080 4680 5460 1860 1680 2340 2400 2220 2220 2880 840 900 1140 960 1380 1680 1620 1800 2040 2220 2100 2580 2520 3780 3060 3240 3180 3480 3240 3660 4320 1560 1320 960 780 600 900 1140 1440 1260 1440 1860 1860 2040 1560 1680 1680 1140 1380 1080 960 1260 1440 1560 1560 1860 1800 1800 2100 2100 1980 1740 1620 1800 1680 1860 2040 2160 1200 1320 1440 1260 1140 1740 1620 1500 1440 1440 900 1020 900 1320 1200 960 780 780 660 780 780 780 900 600 480 600 660 900 1140 900 1020 1200 840 660 1620 1860 1800 1020 1020 840 720 660 540 420 360 240 180 180 
1320 1500 1620 1740 2340 2280 2580 2640 2400 2280 2460 3180 2880 3120 3000 4020 4380 3720 3600 4320 4140 4380 5100 5700 1920 1980 2400 2280 2520 2280 2820 1320 1260 1260 1260 1560 1800 1920 1980 2160 2460 2400 2700 2820 3060 3360 4380 3480 3660 3840 4440 4740 1500 1440 1200 960 660 1020 1560 1440 1440 1560 1920 2100 2340 1680 1980 2160 1440 1620 1320 1260 1440 1560 1860 1920 2100 2160 2280 2160 2520 2460 1860 1980 2160 1800 2160 1800 1620 1620 1680 1620 1440 1380 1680 1860 1800 1620 1620 1080 1200 1140 1440 1440 1140 960 840 780 960 1020 900 1080 780 600 720 840 1080 1200 1140 1200 1320 1140 1020 1800 1920 2040 1200 1200 1140 900 780 720 600 480 360 360 240 180 
660 540 1020 1260 1560 1680 2040 1800 1440 1620 1800 2220 1980 2100 2400 2340 2580 3120 3300 4020 3360 3600 4080 4800 1320 1500 1500 1680 1800 1920 2280 600 1140 1140 1320 1380 1500 1560 1860 1980 2340 2520 2340 2640 3300 2280 3300 2700 2880 2880 3240 3780 840 900 600 480 420 660 660 900 900 1020 1440 1500 1620 1440 1260 1380 840 1080 1020 780 1140 1260 1140 1020 1440 1680 1740 1560 1800 1860 1500 1500 1560 1500 1500 1440 1320 960 1140 1260 1020 900 1200 1200 1140 1140 1200 540 660 720 780 780 780 540 780 480 360 360 660 540 300 240 180 240 300 360 420 480 420 600 900 1080 1260 1380 660 660 540 360 240 240 180 180 360 300 420 540 720 
1080 1080 1440 1620 2160 1860 2340 2160 1860 2040 2280 2820 2640 2880 2940 3480 4320 3480 3540 3960 4020 4140 4740 5460 1500 1800 2340 2340 2460 2460 2460 1020 900 1200 1020 1500 1620 1560 1680 1920 2340 2160 2520 2580 2940 3120 3240 3360 3540 3120 4020 4320 1500 1440 1020 900 660 540 1080 1440 1440 1380 1980 1980 2040 1620 1620 1860 1320 1500 1440 1140 1380 1500 1620 1740 1860 1740 2100 2160 2220 2160 1740 1860 2040 1980 1980 1680 1680 1500 1620 1440 1560 1260 1860 1680 1740 1740 1560 960 1020 1080 1260 1440 1080 780 900 780 900 900 900 960 660 600 720 780 1020 1020 840 840 1080 840 660 1800 1800 1920 1200 1020 960 780 720 660 480 480 360 300 180 240 180 600 
420 660 1200 1260 1740 1500 2040 1620 1560 1740 1920 2520 2220 2400 2580 3240 2760 3120 3060 3600 3300 3600 4020 4920 1440 1500 1560 1740 1860 2040 2640 900 1200 1380 1440 1680 1740 1500 2040 2160 2400 2460 2580 1980 3480 2520 2820 2760 2940 2820 3300 3720 600 1020 720 480 180 300 1080 660 900 780 1260 1440 1380 900 1020 1140 600 900 660 480 780 1020 1020 1140 1260 1380 1440 1500 1500 1680 1200 1380 1380 1500 1560 1680 1560 720 780 960 660 540 660 1020 1020 840 780 540 540 600 840 480 780 480 240 0 420 300 180 360 480 480 480 540 660 660 660 720 720 840 1200 1200 1020 1140 720 660 540 420 300 240 420 360 360 480 600 600 780 480 720 
120 480 780 900 1140 1080 1680 1200 1200 1320 1500 1980 1740 1920 2040 2760 2220 2700 2400 3240 2820 3060 3780 4500 1020 1140 1260 1380 1440 1920 2340 660 780 900 1020 1140 1260 1260 1560 1740 2160 2340 2040 1560 1800 1980 2100 2220 2400 2220 3120 3120 780 540 300 360 360 900 600 900 840 960 1440 1440 1560 1080 1740 1860 180 540 480 720 780 720 840 1020 1080 1260 1320 1380 1380 1560 960 840 960 1140 1200 1320 1320 420 420 480 480 720 600 660 840 660 780 540 600 840 300 480 900 780 900 600 420 660 780 960 1020 960 780 960 960 1020 1140 1140 1200 1200 1080 720 1020 1140 120 300 300 540 720 660 720 720 960 780 960 1080 1320 720 1140 600 
240 540 840 960 1200 1140 1620 1260 1260 1380 1560 2040 1800 1980 2100 2160 3480 2640 2580 4140 2880 3120 3840 4560 1080 1200 1320 1440 1500 1740 2220 720 840 960 1080 1200 1320 1080 1620 1800 2100 2580 2280 1560 2880 1860 3120 2280 2460 2700 3180 3180 840 540 480 420 420 540 660 1020 900 1020 1500 1500 1620 1140 1260 1380 360 540 600 780 780 840 900 1080 1200 1380 1380 1500 1500 1560 1020 900 1020 1140 1200 1380 1440 600 540 660 720 780 480 660 780 780 900 600 780 900 420 600 960 900 900 660 480 720 840 1020 1080 960 840 900 1020 1020 1140 1200 1140 1320 1140 660 900 960 240 240 360 600 660 660 780 720 900 900 1020 1140 1440 840 1260 900 120 
360 660 960 1020 1380 1260 1740 1380 1380 1500 1680 2160 1920 2160 2280 2280 3600 2520 2880 3420 3180 3240 3960 4680 1200 1320 1440 1560 1620 2040 2460 840 960 1080 1200 1320 1440 1200 1740 1920 2340 2700 2400 1740 3000 2160 2280 2400 2580 2820 2820 3840 540 540 420 540 840 600 720 1020 1200 1080 1560 1560 1920 1200 1800 1440 480 780 600 1020 840 900 1020 1140 1260 1440 1500 1500 1680 1740 1260 1080 1140 1260 1380 1560 1560 600 660 660 780 900 600 780 900 720 960 600 780 660 540 720 1140 1020 900 660 480 660 720 1080 1200 960 1080 1080 1200 1200 1320 1260 1260 1380 1260 960 1020 1260 360 240 360 660 720 780 840 840 1020 900 1080 1200 1440 900 1320 660 240 120 
480 840 1080 1200 1920 1380 2160 1500 1500 1620 1800 2280 2040 2280 2340 3060 3780 3060 2820 3480 3120 3360 4080 4800 1320 1440 1560 1680 1740 2220 2700 1020 1140 1260 1380 1500 1440 1500 1800 2100 2460 2820 2460 1860 2160 2160 3360 2580 2760 2580 3480 4020 660 660 540 480 600 720 840 1140 1320 1200 1680 1920 2040 1320 1440 2040 480 600 840 1080 1080 1020 1140 1320 1380 1560 1680 1560 1860 1800 1320 1200 1320 1440 1440 1680 1680 540 660 780 840 960 720 960 1020 960 900 600 720 900 600 720 1260 1080 1020 840 420 780 900 900 1200 1080 1020 1200 1200 1140 1320 1320 1380 1560 1380 900 1140 1200 480 420 420 540 840 840 840 1080 1200 960 1260 1320 1560 900 1440 900 420 300 120 
540 1140 1440 1500 1800 1740 2280 1860 1860 1980 2160 2640 2400 2580 2700 2760 2880 3360 3300 3960 3660 3720 4440 5160 1680 1800 1920 2040 2100 2400 2940 1320 1440 1560 1680 1800 1920 1920 2220 2400 2820 3060 2880 2160 3480 2460 2760 2880 3060 2880 3300 4320 1020 900 840 720 1140 1140 1200 1500 1620 1560 2040 2040 2160 1680 1800 1920 540 900 1200 1200 1200 1440 1320 1380 1560 1680 1740 1740 1920 1800 1620 1500 1620 1740 1800 1920 1980 720 1020 840 1020 1380 1080 1260 1200 1200 1020 840 1020 1140 840 840 1500 1320 1320 1320 960 1020 1080 1320 1380 1380 1440 1500 1560 1620 1680 1680 1680 1860 1800 1260 1500 1560 840 720 780 900 960 1140 1200 1200 1380 1380 1500 1680 1800 1260 1740 1140 420 600 480 300 
840 1260 1500 1560 1920 1800 2340 1920 1920 2040 2220 2700 2460 2700 2760 3480 4140 3120 3240 4440 3720 3780 4500 5220 1740 1680 1980 2100 2160 2400 2700 1440 1560 1680 1800 1920 2040 1980 2220 2520 2940 3240 3000 2280 2460 2520 3600 3000 3180 3000 3900 4320 1080 1080 900 900 960 1140 1260 1560 1500 1680 2100 2100 2220 2160 1860 1980 540 900 1260 1260 1320 1500 1320 1680 1440 1860 1740 1980 1920 1980 1560 1560 1680 1860 1920 1980 1920 720 780 840 1020 900 1260 1380 1260 1020 1020 1020 1080 1260 900 1020 1680 1440 1380 1320 780 1200 1260 1440 1560 1500 1440 1560 1560 1560 1740 1740 1740 1800 1800 1380 1560 1680 480 480 840 1140 1260 1200 1320 1380 1500 1440 1560 1560 1920 1380 1860 1320 420 480 240 420 60 
600 1320 1680 1800 2100 1980 2520 2100 2100 2100 2400 2760 2520 2880 3000 3720 3000 3480 3660 4080 3780 3960 4680 5400 1920 2040 2160 2280 2340 2460 3120 1560 1680 1800 1860 2040 2160 1920 2460 2640 3060 3420 2940 2340 2700 2700 3720 3120 3300 3120 3540 4500 1260 1020 780 1080 1200 1320 1440 1680 1680 1800 2280 2280 2400 1920 2040 2160 660 1020 1260 1140 1200 1560 1440 1500 1560 1800 2040 2040 2100 2040 1680 1560 1740 1980 1980 2100 2220 780 960 960 1260 1080 1320 1380 1200 1320 1080 1080 1260 1380 780 960 1380 1560 1440 1380 1020 1200 1380 1560 1620 1500 1500 1680 1800 1800 1920 1740 1860 1860 1980 1620 1740 1800 600 960 780 1140 1200 1320 1440 1560 1620 1500 1740 1800 2160 1500 1860 1440 600 360 300 540 180 120 
720 1500 1740 1740 2400 2220 2760 2160 2160 2280 2400 2880 2700 2880 3060 3840 3180 3540 3480 4140 3840 4020 4740 5460 1980 2100 1980 2400 2400 2700 3300 1860 1800 1860 2040 2160 2280 1860 2580 2760 3180 3300 3120 2520 3840 2880 3960 3240 3420 3420 3660 4140 1260 1080 960 1080 1260 1380 1500 1680 1740 1860 2340 2340 2460 1980 2520 2220 780 1080 1380 1440 1560 1560 1380 1620 1860 2040 2100 1860 2220 2280 2040 1800 1980 2040 2160 2220 2160 900 1020 1080 1200 1260 1440 1440 1440 1200 1440 1200 1320 1440 840 1020 1680 1680 1620 1500 1140 1260 1380 1680 1800 1620 1680 1800 1860 1860 1920 2040 1860 2220 2040 1620 2040 1860 780 720 900 1320 1320 1500 1560 1620 1800 1680 1740 1920 2220 1560 2040 1500 660 480 840 660 300 240 60 
660 1560 1740 1980 2280 2040 2820 2280 2040 2400 2340 3000 2640 2820 3120 3600 4500 3660 3540 4320 3840 4140 4860 5580 1980 2220 2340 2460 2520 2760 3000 1800 1920 1800 2160 2220 2400 2100 2700 2700 3060 3600 3180 2640 2940 3060 3180 3300 3420 3300 4200 4260 1440 1260 1020 1080 1380 1440 1620 1740 1860 1980 2460 2460 2580 2100 2580 2340 720 1080 960 1380 1380 1500 1440 1800 1740 1860 1800 1920 2520 2280 1800 1740 1740 1860 1980 2100 2160 840 960 1020 1140 1260 1380 1440 1320 1200 1200 1320 1380 1500 840 1020 1500 1800 1620 1680 1200 1440 1500 1680 1800 1740 1680 1740 1860 1680 2040 1920 2040 2040 1980 1560 1860 1980 660 660 720 1440 1200 1320 1440 1560 1860 1740 1800 1980 2220 1440 2100 1560 540 420 360 360 420 120 180 60 
840 1380 1620 1680 2280 1920 2520 2040 1980 2100 2160 2820 2580 2820 2820 2880 3000 3540 3360 4140 3840 3900 4620 5340 1860 1980 2100 2220 2280 2760 3120 1560 1680 1800 1920 2040 2040 1920 2460 2640 3000 3360 2940 2460 2700 2700 3840 3120 3300 3120 4020 4020 1200 1020 1020 840 1380 1140 1680 1680 1620 1920 2400 2460 2340 1860 1980 2100 660 1320 1260 1320 1560 1560 1380 1560 1800 1740 1680 2040 2040 2160 1740 1620 1740 1860 2100 2040 2040 780 1020 960 1140 1080 1320 1320 1560 1140 1140 1080 1200 1320 780 960 1680 1500 1500 1380 900 1260 1380 1560 1620 1560 1620 1620 1680 1740 1800 1980 1920 2100 1920 1500 1680 1740 840 900 720 1140 1320 1380 1500 1440 1620 1500 1680 1800 2040 1440 1920 1440 540 420 300 300 180 60 60 120 240 
1020 1440 1740 1860 2100 2040 2580 2160 2160 2280 2460 2940 2700 2880 3000 3600 3180 3180 3420 4020 3780 4020 4740 5460 1980 2100 2160 2340 2400 2640 3180 1620 1740 1860 1980 2100 2220 2220 2340 2700 3120 3480 3180 2460 3780 2760 3060 3180 3360 3180 4020 4560 1620 1200 1140 1080 1260 1500 1500 1740 1740 1980 2460 2460 2580 2340 2100 2220 720 1200 1500 1500 1680 1560 1740 1920 1920 2100 1980 2220 2280 2160 1860 1740 1860 2040 2100 2160 2220 1080 1440 1440 1260 1680 1380 1560 1680 1200 1380 1140 1500 1440 1080 1260 1620 1620 1620 1620 1080 1440 1440 1500 1800 1740 1740 1680 1860 1800 1980 1980 2100 2160 2040 1560 1740 1980 1140 1020 1080 1380 1260 1440 1560 1560 1740 1680 1680 1920 2220 1500 1980 1440 1020 540 480 600 300 240 180 240 360 120 
120 420 720 780 1560 1020 1500 1140 1140 1260 1440 1920 1680 1860 2040 2760 3360 2700 2460 3180 2700 3000 3720 4440 960 1080 1200 1320 1380 1680 2340 600 720 840 960 1080 1200 960 1500 1680 2100 2460 2160 1500 1740 1740 3000 2160 2340 2160 3060 3060 300 480 360 240 360 480 600 840 840 960 1440 1440 1560 1080 1200 1320 300 420 480 660 660 660 780 960 1140 1260 1320 1440 1500 1500 960 780 960 1080 1080 1260 1260 540 540 600 720 720 360 600 660 660 720 540 660 600 360 240 900 900 840 840 360 540 660 900 900 780 840 840 960 1020 1020 1080 1080 1140 1020 540 780 840 120 120 300 480 660 540 720 660 840 780 840 1080 1380 660 1140 780 180 60 240 360 660 780 420 480 480 480 660 
480 840 1080 1200 1500 1380 1920 1800 1500 1620 1800 2280 2040 2280 2400 3060 2520 3120 2820 3420 3120 3360 4080 4800 1320 1440 1560 1680 1740 2100 2520 1020 1140 1260 1380 1500 1620 1380 1920 2100 2460 2820 2580 1860 2160 2160 3360 2580 2760 3000 3000 4020 660 660 300 540 600 720 840 1140 1080 1200 1680 1680 1800 1320 1440 2040 540 900 840 960 960 1080 1200 1320 1440 1680 1680 1620 1620 1980 1320 1200 1260 1440 1620 1680 1680 540 780 780 840 1020 720 840 960 900 780 780 840 1080 660 600 1260 960 780 1020 540 720 900 780 1200 1080 1140 1140 1320 1260 1380 1440 1380 1560 1380 1140 1140 1260 360 360 480 720 840 780 960 960 1260 1080 1200 1380 1680 960 1440 840 360 240 120 180 420 540 660 360 540 600 600 360 
660 960 1260 1380 1620 1560 2040 1680 1680 1800 1980 2400 2220 2400 2580 3180 2940 3240 3240 3720 3300 3540 4260 4980 1500 1620 1740 1860 1920 2100 2640 1140 1260 1380 1500 1620 1740 1920 2040 2220 2640 3000 2700 1980 2280 2280 3540 2700 2880 3120 3600 3600 840 720 540 540 780 1080 1020 1320 1500 1380 1860 2100 1980 1980 1620 1740 720 840 960 1200 1200 1260 1320 1440 1560 1620 1860 1740 1980 1980 1440 1320 1380 1560 1680 1860 1920 780 840 900 1020 1080 900 1140 1080 1080 1080 780 900 840 780 660 1320 1200 1140 960 540 600 1080 900 1380 1260 1200 1320 1380 1440 1500 1620 1560 1680 1740 1080 1320 1380 660 540 480 840 1020 1080 1140 1140 1320 1200 1380 1560 1800 1080 1560 960 540 420 300 300 540 600 780 840 960 720 780 480 180 
540 1260 1500 1560 2160 1800 2340 1920 1920 2040 2220 2700 2460 2700 2820 3540 2940 3480 3240 3780 3720 3720 4500 5160 1740 1860 1980 2100 2160 2460 2880 1440 1560 1680 1800 1920 1980 1800 2340 2520 2760 3300 3000 2160 2580 2580 2880 2940 3000 3360 3720 4260 1140 900 420 960 1200 1200 1320 1620 1500 1680 2160 2160 2520 1800 1920 2040 780 960 1140 1380 1440 1320 1500 1620 1740 1740 1860 2220 2220 2280 1680 1560 1680 1800 1800 1980 2040 900 960 1080 1140 1200 1200 1200 1200 1080 1320 1080 1200 1260 660 720 1560 1260 960 1260 900 1140 840 1500 1680 1440 1500 1380 1620 1500 1800 1680 1680 1740 1800 1320 1560 1620 540 540 600 1140 1140 1200 1320 1380 1380 1320 1380 1620 1860 1440 1680 1020 420 300 240 360 600 660 840 900 960 780 900 420 180 120 
600 1380 1680 1800 2340 1980 2520 2040 2100 2160 2400 2880 2640 2880 2940 3300 4080 3060 3180 3120 3660 3840 4560 5280 1920 1920 2160 2280 2340 2460 2880 1560 1680 1800 1920 2040 2160 2220 2400 2640 2880 3420 3060 2400 3600 2820 3840 3000 3240 3120 3600 3900 1260 840 840 1020 1260 1320 1440 1740 1680 1800 2280 2460 2580 1920 2040 2160 840 1080 1080 1500 1440 1440 1620 1500 1440 1620 1800 1980 2280 2100 1680 1680 1680 1860 1920 2040 2100 960 960 900 1020 1140 1200 1380 1200 1140 1140 1200 1320 1620 720 900 1560 1680 1500 1080 1140 1260 1320 1680 1740 1560 1680 1740 1800 1860 1740 1800 1980 2100 1920 1440 1380 1800 720 660 540 1260 1380 1320 1500 1380 1620 1500 1860 1920 1980 1560 1800 1440 660 420 720 780 960 840 960 1080 1440 960 1020 780 600 420 120 
960 1320 1560 1680 2220 1860 2340 1980 1980 2100 2280 2760 2520 2760 2820 3120 4140 2940 3000 3900 3780 3840 4560 5280 1800 1920 2040 2160 2220 2400 2880 1500 1620 1740 1860 1980 2100 2160 2400 2580 2940 3300 3060 2160 2640 2640 3780 3060 3240 3360 3960 3960 1080 660 960 960 1200 1320 1620 1680 1680 1800 2520 2280 2520 1920 2040 2580 720 1020 1020 1260 1140 1260 1560 1260 1440 1320 1620 1680 2040 2040 1440 1560 1740 1680 1920 2040 2100 720 840 840 900 1020 1140 1200 1140 1080 1080 840 1380 1500 720 780 1560 1380 1440 1380 660 1140 1440 1560 1320 1500 1620 1740 1800 1800 1800 1860 1860 1980 1860 1200 1440 1500 660 780 600 1380 1320 1380 1500 1380 1800 1620 1740 1860 2220 1500 2040 1620 540 600 780 600 840 1020 1020 1140 1140 1140 1260 600 720 600 300 180 
600 1260 1500 1620 1980 1800 2460 1920 1920 2040 2220 2700 2460 2700 2760 3240 2940 3420 3060 3600 3240 3780 4500 5220 1740 1860 1980 2100 2160 2820 2820 1440 1560 1680 1800 1920 2040 1740 2340 2340 2880 3240 3000 3000 3600 2760 2880 3000 3180 3000 3420 4380 1080 660 900 1020 1200 1320 1380 1500 1620 1740 2160 2460 2340 2340 1920 2100 660 1020 1080 1080 1320 1140 1140 1200 1080 1260 1560 1680 1800 1740 1320 1560 1740 1740 1860 1980 2100 840 840 660 660 780 1020 840 1080 960 780 1140 1080 1500 600 660 1260 1320 1380 1320 1080 1140 1020 1440 1320 1620 1440 1680 1620 1680 1860 1860 1920 1980 1980 1080 1260 1500 720 720 840 1260 1260 1380 1380 1620 1560 1440 1680 1800 2100 1380 1800 1320 540 660 540 540 1020 1080 1080 1140 1260 1200 1140 720 360 660 180 300 120 
660 1320 1560 1620 2100 2100 2400 1980 1980 2100 2280 2760 2520 2520 2820 2880 3960 2700 2700 3360 3600 3780 4500 5220 1800 1860 2040 2160 2220 2280 2700 1500 1620 1740 1860 1980 2100 1680 2340 2400 2940 3300 3060 2280 3540 2820 3840 3060 3240 3480 3960 4320 960 420 840 840 1200 1200 1380 1560 1620 1980 2100 2280 2400 1800 2040 2520 660 960 1020 1080 1020 1200 1080 1080 1080 1260 1380 1560 1800 1860 1260 1380 1680 1680 1800 1860 1920 600 540 600 600 720 1140 960 1080 840 720 1020 1260 1380 540 660 1200 1320 1320 1380 840 1020 1200 1560 1800 1620 1740 1680 1740 1740 1740 1920 1920 1980 2160 1140 1440 1380 660 780 720 1260 1320 1200 1440 1500 1620 1560 1740 1860 2100 1560 2100 1260 540 600 540 600 1080 1140 1140 1200 1320 1140 1200 540 480 780 540 420 240 120 
720 1320 1680 1620 2160 2100 2340 2280 2100 2220 2400 2760 2640 2520 2880 3000 4260 3540 2640 3420 3120 3960 4680 5280 1920 2040 2040 2280 2340 2460 3240 1560 1680 1800 1920 1980 2160 1980 2460 2460 2880 3420 3000 2340 3600 2700 3780 3120 3240 3120 4020 4020 720 900 1020 1020 960 1080 1440 1560 2040 2100 2100 2160 2400 1740 1980 2100 660 1080 900 1020 960 1140 1020 1200 1260 1560 1560 1800 1920 1800 1320 1500 1500 1800 1860 1860 1740 1080 480 540 660 900 960 720 960 900 660 1080 1440 1260 780 360 1260 1380 1500 1380 840 1380 1380 1500 1740 1560 1560 1620 1800 1800 1860 1980 1980 1980 1980 960 1200 1140 720 960 960 1320 1260 1320 1440 1680 1560 1500 1800 1800 2220 1560 1980 1380 600 720 600 660 1020 1200 1140 1320 1320 1380 1380 1020 720 600 420 420 420 300 180 
840 1380 1620 1680 2160 2280 2400 2220 2040 2160 2340 2820 2520 2460 2880 2940 3060 2400 2460 2460 3000 3900 4620 5340 1860 1980 2100 2220 2280 2280 3060 1500 1620 1740 1920 2040 2160 2160 2460 2460 3060 3240 3120 2400 2700 2700 3960 3120 3300 3120 3540 4560 900 480 960 1080 1200 1320 1440 1680 1980 1800 2220 2580 2400 1920 2040 2160 720 960 960 1200 1080 1140 1080 1080 1320 1440 1680 1800 1980 2160 1260 1500 1620 1680 1560 1920 2040 600 540 600 600 840 840 660 840 720 720 1320 1320 1440 720 420 1200 1500 1440 1320 1200 1380 1500 1440 1740 1800 1620 1680 1800 1860 1920 1920 2040 2160 1920 780 1140 1080 780 900 960 1320 1320 1320 1500 1680 1860 1560 1860 1980 2160 1500 2040 1140 660 720 540 720 960 1260 1260 1320 1380 1380 1500 840 840 900 840 720 540 420 300 60 
480 780 1020 1140 1440 1320 1860 1440 1440 1560 1740 2220 1980 2220 2280 3060 3720 3000 2820 3720 3300 3300 4020 4740 1260 1380 1500 1620 1680 2160 2580 960 1080 1200 1320 1440 1560 1320 1860 2040 2460 2820 2520 1800 2100 2100 2400 2520 2700 2940 2940 3960 540 660 360 420 480 600 720 1020 960 1080 1800 1560 1680 1680 1320 1440 600 960 840 960 1020 1080 1140 1260 1320 1500 1680 1620 1680 1860 1260 1140 1260 1440 1560 1680 1620 720 720 780 900 1020 600 840 900 900 840 480 660 660 540 480 1200 960 900 780 360 660 900 1020 1140 900 1020 960 1140 1140 1260 1380 1140 1320 1320 1020 1020 1080 480 300 300 660 540 720 840 900 960 840 1020 1140 1500 840 1200 840 420 240 120 120 420 300 660 360 480 660 720 300 240 360 660 780 660 600 660 900 660 
540 960 1080 1200 1920 1380 2040 1740 1500 1620 1800 2280 2040 2280 2400 2640 2520 2640 2880 3600 3300 3360 4080 4800 1320 1440 1560 1680 1740 2220 2580 1020 1140 1260 1380 1500 1620 1380 1920 2100 2520 2820 2580 1920 2160 2160 2460 2580 2760 3000 3480 4020 600 660 240 360 600 660 780 1080 1020 1140 1620 1620 1740 1620 1380 1500 480 780 840 1080 1080 1080 1200 1320 1500 1560 1680 1920 1920 1860 1380 1260 1320 1440 1560 1680 1800 660 840 960 900 1080 660 840 960 960 1080 480 660 840 780 540 1020 900 840 720 240 420 660 960 1020 840 840 900 1020 1080 1140 1200 1140 1320 1500 840 1080 1140 540 300 240 420 660 600 720 720 840 780 900 1020 1320 720 1140 720 540 360 240 240 540 600 480 480 540 720 840 420 300 300 300 900 840 720 780 660 1140 60 
240 720 960 1020 1380 1260 1920 1380 1380 1500 1680 2160 1920 2160 2280 2280 2400 2760 2700 3480 3240 3240 3960 4680 1200 1320 1440 1560 1620 2280 2580 900 1020 1140 1260 1380 1500 1260 1800 1980 2400 2760 2460 2640 3060 2220 3300 2460 2640 2460 3360 3900 540 600 120 180 540 600 720 1020 960 1080 1560 1560 1680 1200 1320 1620 420 720 780 1020 960 1020 1080 1260 1380 1380 1620 1740 1800 1860 1260 1080 1200 1380 1440 1620 1680 600 780 780 1020 1020 600 780 900 840 900 420 360 720 420 480 1020 780 720 720 180 420 540 660 840 660 720 660 840 900 900 960 960 1140 1320 780 1020 1260 300 240 60 360 540 480 540 540 840 600 780 900 1260 540 960 660 360 480 420 420 720 780 960 1020 1140 900 1020 360 480 600 660 780 1020 660 660 780 1140 240 120 
900 300 780 780 1080 960 1500 1380 1080 1200 1380 1860 1620 1860 1920 2700 2100 2580 2400 3420 2880 2940 3660 4380 900 1020 1140 1260 1320 1500 2220 720 840 960 1080 1200 1320 1500 1620 1800 2220 2460 2280 2280 2880 2040 2160 2280 2460 2280 3180 3180 1260 960 1080 720 780 1260 1320 960 1260 1380 2040 2160 2280 1740 1980 2040 1020 600 840 360 360 300 660 720 480 600 840 960 1020 900 720 660 780 900 1020 1140 1140 840 780 780 600 480 1260 1440 1020 960 780 660 720 720 1080 960 660 600 360 600 840 540 420 360 780 900 900 900 600 1080 600 660 780 960 720 1560 1680 1740 960 900 900 780 1020 840 840 1020 960 1200 1140 1320 1440 900 1080 600 1080 1200 1080 1380 1620 1620 1740 1800 1740 1680 1860 960 1380 1560 1620 1800 1740 1560 1800 1620 1620 1320 1200 1080 
720 300 420 540 1260 720 1260 840 840 960 1140 1620 1380 1620 1740 2400 3120 2400 2160 3420 2640 2700 3420 4140 660 780 900 1020 1080 1920 2160 480 600 720 840 960 1080 1080 1380 1560 1980 2340 2040 2220 1620 1800 2880 2040 2220 2040 2940 3480 1620 1080 1140 1080 1080 900 1080 900 1380 1380 1980 1860 2160 1800 1800 2100 840 900 780 480 480 600 360 540 600 720 840 840 1320 1020 660 780 900 900 960 1020 960 1020 960 1080 720 600 1440 1500 1440 1080 1140 780 960 720 900 1140 780 1080 660 720 1080 840 720 600 720 840 840 660 720 900 960 780 1020 1020 900 1440 1740 1680 720 900 1020 1140 1080 780 780 1020 1080 1140 1320 1200 1680 900 1500 900 840 1080 1200 1200 1500 1500 1680 1620 1740 1740 1740 780 1320 1380 1620 1800 1680 1620 1680 1740 1740 1140 1200 1200 300 
780 420 660 600 900 780 1320 900 900 1020 1200 1680 1440 1680 1740 2580 1920 2460 2220 3000 2700 2760 3480 4200 720 840 960 1080 1140 1740 1980 600 720 840 960 1080 1200 960 1320 1680 1860 2400 1980 1440 1740 1920 2940 2160 2340 2160 2580 3060 1560 1200 1140 1200 960 1020 1140 1020 1200 1500 1980 1920 2160 1800 1920 2160 900 960 900 540 540 540 600 720 1080 840 960 960 1320 1200 840 960 960 840 840 1020 900 1080 960 960 840 660 1620 1620 1500 1140 1080 840 1080 720 1020 1200 900 780 900 840 960 1020 900 660 720 900 900 900 600 720 780 840 1020 1260 960 1680 1860 1920 780 960 1080 1200 1080 960 1020 1020 1140 1020 1380 1200 1800 840 1380 840 900 960 1140 1260 1740 1800 1740 1740 1800 1800 1920 900 1260 1380 1680 1980 1740 1680 1740 1860 1800 1200 1200 1260 480 180 
840 420 600 660 1260 840 1380 960 960 1080 1260 1740 1500 1740 1800 2100 1980 2580 2280 3900 2580 2820 3540 4260 780 900 1020 1140 1200 1740 2160 600 720 840 960 1080 1200 960 1500 1680 2100 2460 2160 1620 1740 1740 2040 2160 2340 2580 3060 3600 1380 1260 1080 900 960 1080 1200 1080 1380 1620 1980 2220 2280 1680 2040 1980 900 1080 900 600 600 540 660 780 1080 960 1020 1020 1320 1380 1020 1080 1080 1260 840 900 840 1080 1020 1020 840 720 1440 1680 1440 1200 1260 840 720 660 1020 1260 900 780 900 900 960 1020 900 660 780 960 720 540 660 780 1020 900 1080 1140 1020 1560 1860 1920 840 1020 1140 1260 1140 960 960 1080 1320 1200 1440 1440 1560 840 1500 840 960 1020 1260 1320 1560 1740 1860 1980 1680 1860 1920 1020 1320 1560 1680 1860 1740 1680 1800 1860 1860 1260 1140 1080 240 240 60 
600 240 360 420 780 660 1200 780 780 900 1080 1560 1320 1560 1620 1680 3000 2340 2100 2880 2580 2640 3360 4080 600 720 840 960 1020 1800 1920 420 540 660 780 900 1020 1020 1320 1500 1920 2100 1980 1980 1560 1560 2820 1980 2160 2400 2400 3420 1260 1020 900 900 660 900 1080 960 1260 1440 1800 1920 1980 1620 1740 1920 720 900 900 660 660 480 480 540 660 720 840 840 1380 1200 720 960 960 1020 780 840 900 960 1140 1020 960 720 1200 1440 1380 1320 1080 720 720 540 840 1020 960 600 780 720 1020 900 780 480 660 840 960 420 660 780 900 720 960 960 840 1380 1680 1860 600 780 960 1080 1020 720 780 960 1020 960 1080 1140 1500 720 1500 840 780 840 960 1140 1380 1560 1680 1620 1800 1680 1620 720 1140 1260 1560 1680 1560 1500 1560 1680 1800 1080 1140 1020 360 120 120 180 
480 120 480 300 660 540 1080 660 660 780 960 1440 1200 1440 1500 2280 2880 2160 1980 3600 2280 2520 3240 3960 480 600 720 840 900 1740 1920 300 420 540 660 780 900 1080 1200 1380 1560 2100 1860 1140 1440 1440 1740 1860 2040 2280 2760 2760 1200 960 900 900 840 840 1020 780 1200 1500 1920 1800 2040 1680 1860 1920 600 780 960 540 720 420 480 540 720 780 840 900 1200 1140 780 900 960 780 840 960 1020 780 960 1140 1080 900 1140 1320 1260 1200 1320 660 1020 540 780 840 1080 900 780 720 780 840 660 420 600 600 720 540 420 540 600 660 720 780 660 1140 1560 1560 660 660 780 780 780 720 660 720 660 780 1140 1200 1380 600 1320 780 600 660 840 960 1320 1380 1320 1380 1500 1500 1560 600 960 1080 1440 1560 1440 1380 1440 1500 1500 900 960 900 300 360 420 300 300 
600 240 360 420 780 660 1200 780 780 900 1080 1560 1320 1560 1620 2400 2040 2340 2340 3120 2460 2640 3360 4080 600 720 840 960 1020 1860 2100 420 540 660 780 900 1020 1200 1200 1500 1920 2280 1980 1260 1560 1740 2820 1980 2160 2400 2400 3420 1200 1020 1140 960 720 960 1260 1080 1320 1500 2040 2160 2400 1740 1740 2220 720 900 960 1020 960 780 660 780 900 1020 1080 1320 1380 1440 960 1140 1260 1140 1380 1260 1140 960 1080 1200 1320 960 1260 1560 1320 1320 1260 960 1080 780 840 1080 1080 960 840 780 900 840 960 660 600 480 540 540 360 360 540 540 540 720 840 1260 1740 1740 600 780 960 720 660 720 600 720 780 780 1140 1260 1440 480 1200 780 780 840 960 1080 1440 1560 1500 1440 1500 1620 1620 720 1080 1260 1560 1560 1560 1500 1560 1680 1620 1080 1140 1080 780 540 660 420 480 180 
660 300 420 480 840 720 1440 840 840 960 1140 1620 1380 1620 1680 2400 1860 2340 2160 3000 2460 2700 3420 4140 660 780 900 1020 1080 1920 1920 600 600 720 840 960 1080 1260 1380 1560 1920 2160 2040 2040 2640 1620 1920 2040 2220 2040 2940 3480 1260 1020 1020 780 600 900 1200 1080 1320 1560 1920 1920 2100 1740 1800 1920 720 960 900 780 1020 660 720 900 960 1020 1140 1140 1500 1380 960 1140 1260 1440 1260 1200 1320 960 1140 1320 1080 1140 1320 1560 1380 1380 1440 900 960 780 960 1020 1080 900 720 660 840 780 660 660 540 360 600 420 240 360 480 480 540 660 720 1440 1560 1860 660 840 900 660 600 660 660 600 660 660 1080 1140 1320 420 1200 780 780 840 960 1140 1440 1440 1500 1800 1680 1680 1740 720 1140 1260 1560 1740 1860 1560 1620 1680 1680 1200 1140 1020 480 600 480 420 540 240 120 
660 300 420 540 1320 720 1260 840 840 960 1140 1620 1380 1620 1680 2460 1860 2460 2160 3780 2460 2700 3420 4140 660 780 900 1020 1080 1860 2160 540 600 720 840 960 1080 780 1260 1560 1980 2340 2040 1320 2640 1620 2880 2040 2220 2040 2460 3480 1200 1080 900 720 600 900 1140 1260 1380 1500 1920 1920 1980 1560 1800 1920 780 960 1200 780 960 660 780 960 900 1080 1080 1200 1440 1500 960 1200 1320 1200 1200 1260 1140 960 1140 1260 1260 960 1320 1440 1380 1380 1320 840 900 780 900 1020 1020 840 720 660 660 720 600 540 420 300 480 300 120 240 300 360 360 540 600 1500 1680 1920 660 900 780 660 540 540 540 540 540 600 960 1020 1200 300 1020 660 840 900 1020 1200 1440 1440 1620 1560 1800 1560 1860 780 1140 1320 1680 1800 1620 1740 1620 1740 1860 1080 1020 960 840 600 660 480 360 300 180 60 
600 660 900 1020 1740 1200 1740 1320 1320 1440 1620 2100 1860 2100 2160 2880 3540 2880 2640 3360 3120 3180 3900 4620 1140 1260 1380 1500 1560 1860 2340 1080 1080 1200 1260 1440 1560 1320 1860 2040 2400 2700 2460 1860 2100 2280 3300 2520 2700 2520 2940 3960 1080 960 660 480 660 600 840 660 900 1020 1320 1740 1740 1500 1560 1620 780 1080 600 480 720 660 780 900 960 1080 1140 1320 1560 1500 1020 1020 1140 1080 1260 1380 1260 840 900 1020 720 660 1380 1320 1200 1020 900 360 300 540 840 1020 720 360 360 480 540 360 240 120 360 540 660 660 840 780 720 900 900 960 1020 1320 1380 1620 900 720 480 780 780 540 720 840 480 420 900 720 1080 660 840 480 1080 960 900 1140 1440 1620 1560 1680 1560 1620 1620 660 1140 1260 1320 1740 1740 1560 1620 1680 1620 900 780 840 180 600 660 720 540 720 600 600 660 
840 360 840 960 1200 1140 1620 1260 1260 1380 1560 2040 1800 1980 2100 2820 3360 2820 3060 3300 3060 3120 3840 4560 1080 1200 1320 1440 1500 1740 2460 900 960 1080 1200 1320 1440 1200 1560 1920 2340 2580 2400 1680 3000 2160 2280 2400 2580 2820 2820 3720 1500 1080 660 600 600 720 1080 720 1020 1200 1380 1860 1860 1560 1680 1800 1020 1020 900 660 660 720 720 840 900 1260 1080 1080 1440 1440 960 1080 1140 1320 1140 1140 1380 960 1140 960 840 600 1500 1440 1200 1200 900 420 360 660 1140 1020 660 480 480 420 540 420 300 240 540 660 780 600 780 840 840 900 960 1080 1140 1260 1560 1680 720 780 780 600 720 540 900 960 780 540 720 960 1260 780 1200 600 780 1020 1140 1260 1260 1440 1500 1740 1980 1680 1800 780 1200 1320 1380 1620 1500 1560 1560 1800 1680 900 720 840 120 660 420 660 480 360 540 840 540 120 
780 540 720 780 1500 960 1440 1080 1080 1200 1380 1860 1620 1860 1980 2700 2100 2640 3300 3120 2700 2940 3660 4380 900 1020 1140 1260 1320 1800 2220 720 840 960 1080 1200 1320 1500 1620 1800 2160 2460 2280 1560 2880 2040 2160 2280 2460 2700 3120 3180 1260 1020 960 600 660 900 1080 840 1260 1320 1740 1980 1980 1680 1800 1920 900 840 780 540 720 480 540 660 720 1080 1200 900 1260 1200 720 900 960 1020 960 1140 1080 1080 960 840 720 660 1380 1080 1020 1080 840 540 600 300 1080 1080 720 420 360 780 540 540 360 420 540 840 780 780 780 960 660 1020 1020 1200 1080 1620 1680 1680 900 840 780 600 780 720 1080 900 1080 780 1260 1020 1320 960 1380 600 840 1080 1080 1020 1380 1620 1620 1680 1800 1800 1800 720 1260 1260 1560 1800 1740 1740 1680 1920 1680 960 1260 660 240 480 420 720 300 480 660 660 720 300 120 
840 360 840 960 1260 1140 1380 1260 1260 1380 1560 2040 1800 2100 2160 2820 2280 2640 3180 3360 2880 3120 3840 4560 1080 1560 1320 1440 1500 1320 2160 960 960 1200 1320 1440 1560 1680 1860 2040 2280 2760 2400 1680 3120 2160 3240 2520 2700 2520 2820 3420 1200 780 1080 1020 960 1080 1320 1080 1380 1440 1860 2220 2340 1980 2040 1920 660 540 540 300 240 300 240 300 540 660 600 780 840 900 660 480 540 720 780 960 900 720 660 660 480 360 1140 900 1140 840 720 780 780 720 840 840 540 780 600 780 960 780 600 540 840 960 1260 780 780 840 660 780 900 1080 780 1020 1260 1440 780 1020 900 960 1020 780 1140 1140 1200 1260 1320 1380 1440 900 1620 780 780 960 1140 1080 1680 1560 1800 1740 1800 1680 1740 720 1080 1380 1500 1620 1740 1560 1380 1380 1260 1260 1380 1200 180 240 420 300 360 360 600 540 720 420 360 420 
720 480 900 1080 1500 1320 1920 1500 1500 1620 1800 2280 2040 2280 2340 3120 3720 3060 3060 3240 3300 3360 4080 4800 1320 1320 1440 1680 1740 2100 2580 1080 1200 1500 1140 1380 1740 1440 1800 2100 2580 2640 2400 2100 3000 2340 2580 2700 2880 2700 3120 4140 780 780 660 360 360 480 600 420 840 960 1200 1440 1560 1080 1200 1500 840 1080 780 600 840 840 840 960 1320 1320 1200 1200 1500 1560 1080 1260 1500 1380 1560 1500 1380 900 1020 960 720 600 840 1200 1140 960 900 300 600 420 840 900 540 300 300 180 660 180 180 180 360 540 660 720 600 720 780 840 900 1020 1200 1020 1320 1320 660 660 600 540 480 420 480 600 780 600 720 840 960 480 900 180 900 900 840 1080 1440 1380 1560 1560 1560 1500 1620 720 1020 1140 1440 1620 1680 1620 1680 1560 1500 900 840 840 540 780 660 660 540 480 720 600 720 300 480 420 720 
780 540 900 1020 1260 1200 1860 1320 1320 1440 1620 2100 1860 2040 2160 2220 2580 2880 3300 3600 2940 3180 3900 4620 1140 1260 1380 1500 1560 1980 2580 960 1020 1140 1200 1380 1440 1260 1800 1980 2400 2640 2460 1740 2040 2040 2340 2460 2640 2460 2880 3360 1260 960 660 480 600 420 720 540 720 900 1380 1680 1800 1440 1440 1560 900 1020 600 480 720 720 780 960 960 1080 1140 1500 1440 1560 1260 1140 1200 1380 1380 1500 1320 960 1020 1080 840 600 1080 1260 1200 1080 1020 360 360 300 840 780 480 420 360 420 480 420 420 120 300 420 540 660 540 660 840 780 840 960 1140 1260 1500 1560 660 660 600 480 720 360 600 720 660 300 480 900 1020 540 1020 420 720 840 900 1200 1380 1440 1620 1560 1740 1500 1680 720 1080 1200 1380 1800 1500 1680 1560 1620 1680 960 780 720 720 660 660 720 600 480 780 540 600 120 240 420 540 180 
900 540 660 780 1080 960 1500 1080 1080 1200 1380 1860 1620 1860 1920 2700 3360 2640 3360 4020 2160 2940 3660 4380 900 1020 1140 1260 1320 1980 2520 840 840 960 1080 1200 1320 1080 1620 1800 2220 2400 2100 1500 1860 2040 2160 2280 2460 2280 2700 3180 1200 1200 780 660 540 600 720 480 780 960 1440 1800 1860 1500 1620 1740 1020 1200 840 660 840 720 780 900 900 1020 1260 1140 1440 1440 1080 1020 1320 1140 1260 1320 1500 1260 1200 1080 960 900 1560 1440 1320 1080 1080 480 600 600 1080 1140 900 600 540 600 540 360 420 300 480 600 660 480 600 600 720 780 780 960 1140 1440 1440 1620 900 780 720 540 900 780 660 660 840 480 780 1020 1200 720 1140 360 1080 1080 1200 1200 1440 1620 1740 1740 1740 1620 1800 900 1200 1440 1500 1680 1740 1680 1800 1800 1680 1020 960 840 300 600 840 660 720 540 420 660 360 180 120 300 480 420 180 
900 300 720 840 1560 1020 1680 1140 1140 1260 1440 1920 1680 1920 2040 2760 2160 2760 2460 3240 2760 3000 3720 4440 960 1080 1200 1320 1380 1920 2340 780 900 1020 1140 1260 1380 1560 1500 1680 2280 2460 2340 1560 2940 2100 2220 2340 2520 2340 2760 3240 1260 1320 840 540 540 720 780 720 900 1080 1620 1680 1980 1440 1620 1800 1080 1080 960 780 960 720 780 840 900 1080 1020 1140 1440 1440 1020 1260 1380 1200 1260 1200 1020 1260 1440 1200 960 900 1380 1440 1320 1260 1140 600 780 840 1140 1320 840 720 480 540 540 360 300 420 420 540 540 360 480 480 600 600 660 780 960 1560 1740 1620 900 780 720 840 660 660 660 840 780 540 720 1020 1200 660 1080 300 1080 1140 1140 1200 1560 1680 1740 1920 1920 1740 1800 960 1200 1320 1620 1800 1800 1800 1800 1920 1920 1020 1260 900 420 480 660 660 420 360 480 360 480 300 240 420 600 480 300 120 
780 420 600 660 960 900 1560 960 1020 1140 1320 1740 1560 1740 1920 2640 2040 2520 2340 3420 2820 2880 3600 4320 840 960 1080 1200 1260 1800 2100 720 720 840 960 1080 1200 1380 1500 1680 2100 2460 2040 1440 2760 1920 2040 2160 2340 2580 2580 3060 1260 1260 960 660 660 900 900 780 1200 1500 1740 1860 1980 1620 1860 1800 900 1080 1260 780 840 600 840 840 900 1500 960 1140 1260 1440 1020 1260 1320 1020 1140 1140 1080 1140 1320 1380 1200 1080 1680 1500 1560 1500 1440 600 960 780 1020 1200 960 780 660 420 780 480 420 300 540 360 420 240 360 480 540 480 480 720 900 1620 1920 1920 780 900 840 720 600 660 660 660 660 780 900 1020 1140 420 1020 420 960 1140 1200 1260 1560 1620 1800 1620 1980 1800 1920 900 1320 1440 1740 1980 1740 1740 1800 1980 1980 1200 1080 960 660 660 360 300 300 360 420 300 300 540 240 540 600 300 540 360 240 
600 240 660 480 780 720 1200 840 840 960 1140 1620 1380 1560 1740 2460 3060 2400 3360 3120 2460 2700 3420 4140 660 780 900 1020 1080 1800 1980 420 540 660 780 900 1020 780 1320 1500 1920 2280 1980 1260 2580 1740 2820 1980 2160 2400 2880 3420 1560 1020 1020 720 660 720 1020 840 1200 1380 2040 1980 2040 1560 1680 1860 720 840 720 1080 720 540 660 720 1080 960 1020 960 1320 1260 720 1080 1140 1020 1140 1140 1020 960 1140 1200 960 1140 1380 1440 1380 1320 1440 660 720 600 840 1020 960 720 540 480 780 540 480 540 480 480 540 360 240 420 540 540 540 720 840 1380 1680 1860 600 780 900 780 660 720 720 720 720 840 960 1020 1200 540 1080 600 780 840 960 1260 1380 1740 1680 1800 1620 1680 1740 900 1140 1260 1560 1860 1560 1500 1560 1680 1680 1140 1200 1140 660 480 300 420 420 180 240 180 180 540 360 480 420 420 660 180 360 180 
360 720 960 1080 1860 1560 1800 1380 1380 1500 1680 2160 1920 2160 2220 2940 3660 2460 2700 4320 3000 3240 3960 4680 1200 1320 1440 1560 1620 2160 2340 900 1020 1140 1260 1380 1500 1260 1800 1980 2400 2760 2340 1740 2040 2040 3300 2460 2640 2460 3360 3360 540 600 480 600 600 720 840 1140 1080 1380 1980 1980 1800 1320 1440 1560 420 720 660 840 900 900 1080 1260 1260 1380 1500 1620 1560 1800 1200 1140 1200 1320 1380 1500 1560 660 540 600 720 840 660 660 840 1020 780 840 960 1080 480 660 1080 1200 1020 780 660 900 1020 1200 1260 1140 1140 1140 1260 1260 1320 1380 1380 1440 1320 780 1140 1080 360 480 600 780 960 900 960 960 1140 1020 1200 1320 1560 960 1500 780 240 300 420 600 780 600 1020 660 720 720 840 360 360 360 600 720 540 480 540 660 660 540 540 720 1320 1200 1140 1200 1140 840 1020 1200 1200 1200 1200 1260 1200 1140 1200 1440 1380 1200 1140 
540 900 1140 1260 1980 1440 1980 1560 1560 1680 1860 2340 2100 2340 2400 2700 2580 2700 2640 3540 3180 3420 4140 4860 1380 1500 1620 1740 1800 2160 2640 1080 1200 1320 1440 1560 1680 1440 1980 2160 2520 2880 2640 1980 3240 2400 2520 2640 2820 2640 3540 3540 720 480 720 780 780 900 1020 1260 1260 1380 2100 1860 1980 1500 1620 2220 540 480 840 1080 1020 1020 1140 1260 1260 1320 1680 1560 1920 1860 1260 1200 1320 1380 1500 1680 1740 540 600 660 720 900 780 1080 840 720 840 960 1080 1200 600 480 1200 1200 1200 960 780 1020 1080 1320 1200 1200 1260 1320 1440 1440 1560 1440 1560 1620 1440 840 1140 1260 360 660 780 960 1080 1020 1080 1140 1260 1200 1440 1440 1860 1080 1620 960 420 420 480 660 720 780 780 780 900 840 960 480 480 360 420 540 420 360 420 240 540 660 600 720 1440 1200 1320 1320 1140 1140 1140 1200 1200 1380 1380 1380 1260 1260 1320 1440 1500 1500 1200 120 
360 1020 1260 1320 1680 1560 2100 1680 1680 1800 1980 2460 2220 2460 2520 3240 2700 3240 3000 3540 3360 3540 4260 4980 1500 1620 1740 1860 1920 2400 2760 1200 1320 1440 1560 1680 1800 1800 2100 2280 2520 3060 2580 2700 3300 2340 3480 2760 2940 3120 3600 4200 840 660 960 840 1320 1020 1560 1440 1680 1500 1980 1980 2100 1620 1740 1860 420 720 660 1080 960 1200 1320 1380 1560 1560 1620 1800 2100 1980 1500 1320 1500 1560 1680 1860 1860 660 660 720 780 960 900 1200 1020 840 840 960 1080 1380 720 720 1140 1320 1380 1260 960 1140 1260 1320 1440 1380 1440 1440 1500 1560 1620 1620 1740 1740 1620 900 1440 1260 660 720 780 1080 1200 1200 1260 1320 1500 1260 1500 1620 1920 1320 1740 1080 540 540 540 660 900 960 1140 900 840 1080 1140 600 480 360 360 420 240 300 420 600 600 660 780 960 1680 1380 1440 1500 1320 1320 1320 1320 1380 1380 1440 1500 1500 1320 1380 1560 1620 1380 1320 300 120 
420 1260 1320 1440 2160 1620 2340 1740 1740 1860 2040 2520 2280 2520 2580 3300 2760 2640 3060 4320 3300 3600 4320 5040 1560 1680 1800 1920 1980 2280 2820 1260 1380 1500 1620 1740 1860 1500 2040 2340 2760 2880 2820 2160 3360 2580 3540 2820 3000 2820 3240 3660 840 600 900 960 960 1080 1620 1500 1440 1560 2040 2040 2460 1680 2340 1920 480 1080 1080 1080 1080 1260 1260 1260 1500 1260 1620 1800 2100 1980 1320 1380 1380 1680 1740 1860 1920 600 660 720 720 960 900 1140 1080 840 900 1020 1140 1320 780 540 1320 1440 1440 1140 720 1080 1200 1440 1500 1500 1500 1500 1560 1500 1620 1740 1740 1800 1620 1140 1320 1380 420 660 840 1080 1260 1140 1320 1260 1560 1440 1560 1680 1980 1320 1680 1140 600 480 600 780 960 1080 900 900 960 1200 1260 720 600 420 360 360 180 180 360 480 480 600 900 1020 1620 1440 1620 1560 1440 1200 1380 1380 1380 1500 1620 1500 1500 1440 1500 1680 1620 1620 1380 300 180 60 
300 840 900 1020 1740 1200 1740 1320 1320 1440 1620 2100 1860 2100 2220 2940 3600 2460 2520 3300 3000 3180 3900 4620 1140 1260 1380 1500 1560 1800 2220 840 960 1080 1200 1320 1440 1620 1740 1920 2220 2700 2400 1740 1980 1980 3240 2400 2580 2820 2820 3300 480 600 480 540 960 660 780 1080 1020 1140 1620 1620 1740 1800 1380 1500 360 660 660 840 840 900 960 1080 1260 1260 1380 1500 1560 1620 1140 960 1140 1260 1380 1440 1500 600 540 660 600 840 540 480 840 720 720 720 900 840 360 540 1140 1200 1080 1020 600 780 960 1200 1200 1080 1080 1080 1200 1200 1320 1320 1380 1380 1260 720 960 1020 300 480 420 780 840 780 900 960 1140 960 1140 1320 1620 900 1380 780 180 240 360 540 720 540 600 900 660 660 780 300 360 420 480 660 660 600 420 720 540 540 480 540 1260 1020 1080 1140 960 840 960 960 1020 1080 1200 1140 1140 960 1320 1320 1260 1140 960 120 240 360 420 
480 780 1080 1200 1860 1380 1860 1500 1500 1620 1800 2220 2040 2220 2400 2760 3720 2160 2820 3420 3300 3360 4080 4800 1320 1440 1560 1680 1740 1920 2220 960 1080 1200 1320 1440 1560 1740 1860 1920 2460 2820 2520 1800 2100 2280 3360 2520 2700 2940 3420 3960 540 420 600 780 720 840 960 1200 1200 1320 1740 1800 1920 1440 1560 1680 480 780 780 780 900 960 900 960 1140 1140 1320 1500 1680 1680 1200 1020 1200 1380 1440 1620 1620 600 360 420 480 660 600 720 780 540 540 900 1020 1140 300 420 1020 900 1020 1200 720 960 1080 960 1320 1260 1260 1320 1260 1440 1440 1500 1500 1500 1380 780 960 1140 480 660 660 960 960 1080 1080 1020 1260 1140 1380 1440 1680 1080 1620 1200 360 420 540 720 720 720 1140 840 840 900 960 480 480 600 600 660 720 660 480 600 540 720 840 660 1440 1140 1260 1260 1200 960 1080 1140 1140 1260 1200 1320 1200 1080 1380 1440 1440 1260 1080 240 360 480 480 120 
600 960 1200 1260 1920 1500 2100 1620 1620 1740 1920 2640 2160 2100 2520 2520 2640 2520 2340 3660 2760 3480 4200 4920 1440 1560 1680 1800 1860 2460 2340 1140 1260 1380 1500 1620 1740 1500 2040 2220 2580 2940 2700 1980 3300 2280 3480 2700 2880 3120 3600 3600 600 480 720 840 780 900 1020 1320 1260 1380 2160 1860 2340 2100 1620 1740 600 960 840 840 900 960 1020 1080 960 1200 1320 1560 1800 1800 1260 1140 1200 1500 1500 1680 1620 660 660 480 540 840 660 600 660 780 600 960 1140 1140 480 480 1020 1140 1200 1260 780 1080 1140 1080 1380 1380 1320 1380 1440 1500 1560 1500 1680 1740 1500 540 1080 1020 480 600 600 960 1020 1080 1200 1200 1440 1260 1560 1620 1920 1260 1560 960 480 540 660 720 840 1140 900 900 960 1020 1320 600 660 720 600 900 720 600 420 420 420 840 780 720 1440 1260 1380 1380 1200 1080 1200 1260 1260 1140 1320 1500 1260 1140 1260 1440 1560 1380 1260 360 480 600 540 300 120 
480 1140 1380 1500 1800 1680 2280 1800 1800 1920 2100 2580 2340 2100 2640 2640 2820 2220 2160 3120 2820 3660 4380 5100 1620 1740 1860 1980 2040 2280 2880 1320 1440 1560 1680 1800 1920 1920 2220 2400 2760 2940 2880 2160 3480 2460 2760 2880 3060 2880 3780 3780 660 600 780 1020 900 1020 1140 1440 1380 1500 2040 2400 2100 1620 2400 1860 540 900 1080 1080 1080 1200 1140 1200 1320 1380 1440 1860 1800 1920 1380 1320 1320 1620 1560 1740 1680 720 780 660 720 900 600 240 600 780 780 1080 1140 1320 420 600 1080 1200 1320 1080 900 1260 1260 1200 1500 1380 1620 1380 1560 1500 1740 1740 1740 1980 1680 420 900 840 780 720 660 1140 1140 1080 1200 1380 1560 1620 1620 1800 1920 1260 1680 1320 420 540 600 840 1080 1080 1080 1080 1200 1080 1500 600 840 660 840 1020 840 720 540 360 300 780 900 780 1560 1500 1560 1560 1380 1380 1380 1440 1440 1440 1500 1560 1380 1560 1320 1500 1740 1680 1440 540 600 660 720 480 300 180 
540 1200 1440 1560 1800 2100 2280 1860 1860 1980 2160 2580 2340 1980 2700 2640 4140 2040 2520 3120 3000 3720 4440 5100 1680 1800 1920 2040 2100 2280 2520 1380 1440 1620 1740 1860 1980 2160 2280 2280 2700 3240 2940 3120 3540 2520 2820 2940 3120 2940 3360 4380 600 480 780 900 1320 1080 1200 1500 1440 1560 2040 2040 2160 2400 1800 1920 660 900 1020 960 1200 1200 1200 1260 1560 1500 1560 1800 1860 1980 1440 1260 1380 1620 1620 1800 1860 660 780 840 840 900 480 300 540 720 960 1140 1260 1380 480 480 1020 1200 1440 1260 960 1200 1380 1380 1680 1440 1500 1500 1620 1740 1680 1860 1680 1980 1800 480 660 720 600 780 780 1140 1260 1140 1320 1380 1620 1560 1800 1740 2040 1320 1980 1140 720 840 660 900 1080 1440 1140 1260 1260 1260 1380 660 720 840 960 1080 900 720 600 420 360 900 1020 900 1620 1680 1680 1680 1500 1320 1500 1500 1620 1560 1680 1620 1560 1320 1440 1680 1800 1680 1440 660 720 720 780 300 180 240 60 
420 1080 1320 1380 1800 1620 2100 1740 1740 1860 2040 2520 2220 1860 2400 2400 3240 1920 2220 2940 3360 3600 4320 5040 2040 1680 1800 1920 1980 1980 2760 1320 1380 1560 1680 1800 1920 1620 2160 2400 2760 3000 2880 2160 2460 2640 2760 2880 3060 3300 3300 4320 540 480 540 780 1080 900 1020 1320 1260 1740 1860 2220 1980 1500 1620 1740 480 780 780 1020 1140 1080 1020 1200 1200 1320 1440 1560 1740 1800 1200 1140 1260 1380 1500 1560 1620 480 660 780 660 780 480 300 480 660 840 960 1020 1260 540 480 960 1080 1260 1020 780 1080 1140 1320 1440 1260 1260 1380 1440 1500 1560 1740 1560 1920 1680 420 780 720 420 540 780 960 1140 1020 1080 1260 1440 1440 1500 1620 1980 1140 1740 960 480 660 720 900 1140 1140 1200 1260 1260 1560 1620 480 900 1020 900 900 900 780 660 480 360 900 840 660 1500 1440 1560 1620 1380 1260 1440 1440 1440 1380 1440 1620 1440 1200 1320 1620 1500 1560 1500 660 720 900 840 540 360 240 120 120 
600 1320 1440 1560 1980 1740 2220 1860 1860 1980 2160 2640 2340 1980 2580 2520 2880 2220 2520 3300 2700 3720 4440 5160 1680 1800 1920 2040 2100 2280 2700 1500 1560 1740 1800 1920 2040 1800 2340 2520 2940 3180 3000 2340 2640 2640 3780 3060 3240 3000 3960 4500 420 480 780 840 840 960 1080 1380 1320 2040 2340 1920 2040 1560 1680 1800 600 900 840 780 1200 1200 1200 1380 1380 1440 1620 1800 1920 1920 1500 1200 1380 1560 1740 1800 1800 660 780 900 540 660 360 180 360 360 480 1020 1200 1320 540 480 840 1020 1080 1020 960 1200 1200 1260 1500 1440 1440 1500 1620 1680 1740 1800 1860 1920 1860 300 360 600 660 720 900 1140 1140 1140 1200 1440 1560 1500 1680 1800 2040 1260 1920 1020 600 600 840 900 1320 1320 1320 1320 1380 1320 1740 660 1080 1140 1020 1020 900 900 780 600 480 1260 1020 840 1560 1560 1740 1740 1560 1440 1560 1560 1620 1380 1500 1800 1440 1200 1440 1620 1740 1680 1560 780 660 780 960 420 540 420 240 120 180 
660 1200 1380 1440 2100 1680 2160 2040 1800 1920 2100 2580 2340 1860 2640 2460 3360 1920 2400 3060 2640 3660 4320 5100 1620 1740 1860 1980 2040 1980 2580 1380 1500 1620 1740 1860 1980 1980 2100 2460 2880 3120 2880 2160 2520 2640 3780 2940 3120 3360 3360 4380 420 540 600 900 840 960 1080 1380 1320 1440 1920 1920 2040 1560 2520 1800 480 1020 780 900 1200 1020 1200 1260 1260 1500 1680 1620 1740 1980 1260 1140 1200 1380 1500 1680 1620 720 720 840 540 660 360 180 360 600 780 1020 1140 1200 600 540 840 1020 1140 1200 900 1200 1260 1320 1500 1380 1320 1380 1500 1560 1800 1800 1680 1920 1740 300 660 600 480 600 780 960 1080 1020 1200 1380 1500 1440 1620 1680 2040 1200 1800 1080 840 720 840 1080 1200 1320 1320 1440 1380 1440 1500 720 1020 900 960 1020 1020 900 780 540 480 1020 960 720 1560 1560 1560 1680 1440 1320 1500 1500 1500 1320 1380 1680 1380 1260 1260 1440 1620 1680 1500 780 840 840 900 420 480 360 180 120 60 60 
480 960 1200 1260 1860 1500 2160 1620 1620 1740 1920 2400 2160 2220 2460 2640 3540 3180 2520 3720 3000 3480 4200 4920 1440 1560 1680 1800 1860 2100 2520 1140 1260 1380 1500 1620 1740 1920 2040 2220 2640 3000 2700 1980 3300 2280 2580 2700 2880 3120 3600 3600 840 240 720 900 780 1380 1020 1320 1260 1380 1860 1860 1980 1500 1620 1740 600 960 720 840 840 960 900 900 900 1140 1320 1320 1620 1560 1140 1140 1140 1380 1260 1680 1620 420 360 420 360 660 660 540 600 480 480 960 1140 1140 480 480 960 1320 1200 1260 840 960 1080 1200 1380 1320 1380 1440 1440 1500 1620 1620 1620 1740 1560 600 1260 960 600 600 660 1020 1020 960 1200 1260 1380 1320 1440 1500 1800 1200 1800 1140 480 540 660 840 1080 1140 900 960 960 1080 1080 600 660 600 660 420 540 480 360 480 420 780 960 840 1380 1440 1380 1440 1380 1080 1260 1260 1440 1320 1320 1380 1140 1260 1320 1560 1560 1440 1260 240 240 420 300 300 120 180 360 480 480 600 600 
540 1080 1320 1440 1860 1620 2280 1740 1740 1860 2040 2520 2280 2520 2580 2880 2760 3360 2760 3720 3120 3600 4320 5040 1560 1680 1800 1920 1980 2160 2580 1260 1380 1500 1620 1740 1860 2040 2160 2340 2760 3120 2700 2100 2400 2400 3660 2820 3000 2820 3720 3720 780 660 900 900 1260 1500 1200 1440 1440 1560 1980 2040 2460 1680 1800 1920 780 840 840 960 900 1020 1080 960 1080 1200 1320 1620 1620 1800 1020 1200 1320 1440 1740 1740 1680 540 480 540 480 660 720 900 720 600 660 1080 1140 1320 480 300 1140 1140 1200 1260 900 1080 1200 1440 1380 1380 1500 1500 1560 1620 1680 1680 1680 2040 1680 960 1140 1140 720 840 840 1140 1140 1260 1260 1320 1500 1380 1560 1800 1980 1320 1680 1380 600 660 720 900 1080 960 1140 1020 1140 1080 1380 720 660 540 540 540 420 360 180 300 300 900 900 780 1560 1440 1500 1560 1380 1200 1380 1380 1440 1320 1440 1440 1260 1320 1440 1560 1560 1560 1380 300 180 300 180 420 240 300 480 600 600 540 720 120 
