101	Lasipalatsi	2552222	6673587
103	Kansallismuseo	2551947	6674069
105	Hesperian puisto	2551753	6674438
107	Ooppera	2551606	6674890
109	Töölön halli	2551310	6675270
111	Kansaneläkelaitos	2551117	6675590
113	Töölön tulli	2550732	6675867
115	Meilahden sairaala	2550400	6675878
117	Meilahdentie	2549816	6676084
119	Paciuksenkaari	2549575	6676282
121	Munkkiniemen puistotie	2549098	6676502
123	Laajalahden aukio	2548809	6676611
125	Tiilimäki	2548556	6676304
127	Saunalahdentie	2548572	6676211
135	Jalavatie	2550462	6676126
137	Kuusitie	2550228	6676304
139	Tilkka	2550148	6676735
141	Ruskeasuo	2550000	6677200
143	Kytösuontie	2549850	6677285
145	Haapalahdenkatu	2549665	6677438
147	Korppaanmäki	2549663	6677720
201	Luonnontiet.museo	2551850	6673659
203	Kauppakorkeakoulut	2551541	6673659
205	Sammonkatu	2551382	6673910
207	Apollonkatu	2551362	6674229
209	Töölöntori	2551432	6674585
213	Ruoholahti (M)	2550973	6672751
215	Itämerenkatu	2551299	6672777
217	Marian sairaala	2551315	6673210
219	Perhonkatu	2551285	6673563
221	Caloniuksenkatu	2551211	6673892
226	Kallion virastotalo	2552785	6674822
227	Castréninkatu	2552636	6674971
229	Kuntatalo	2552419	6675128
231	Simonkatu	2552095	6673394
233	Kamppi (M)	2551869	6673381
243	Kaupunginpuutarha	2551892	6675133
245	Linnanmäki	2552410	6675306
247	Urheilutalo	2552763	6675360
249	Helsinginkatu	2553202	6675448
251	Hakaniemi	2552909	6674610
255	Karhupuisto	2553031	6675049
257	Kaarlenkatu	2552972	6675343
261	Brahenkatu	2552785	6675730
263	Roineentie	2553127	6676133
265	Hattulantie	2553229	6676308
267	Rautalammintie	2553053	6676458
269	Mäkelänrinne	2552818	6676631
271	Uintikeskus	2552605	6676885
273	Pyöräilystadion	2552601	6677202
275	Koskelant. risteys	2552587	6677806
279	Kimmontie	2552533	6678039
281	Käpylänaukio	2552473	6678311
283	Metsolantie	2552735	6678546
285	Pohjolanaukio	2553071	6678733
290	Länsisatamankatu	2550592	6672685
292	Crusellinsilta	2550644	6672327
294	Saukonpaasi	2550787	6672101
301	Rautatieasema	2552458	6673575
303	Kaisaniemi	2552775	6673730
305	Hakan./Varsapuistikko	2552884	6673944
309	Haapaniemi	2553309	6674974
311	Käenkuja	2553506	6675260
313	Sörnäinen (M)	2553640	6675586
315	Lautatarhankatu	2553692	6675811
317	Hauhon puisto	2553690	6676135
319	Vallilan varikko	2553566	6676511
321	Paavalin kirkko	2553525	6676730
323	Kyläsaarenkatu	2553740	6677220
325	Toukoniitty	2553961	6677400
327	Arabianranta	2554425	6677835
333	Päijänteentie	2553501	6676018
335	Arabiankatu	2554220	6677670
350	Kustaankatu	2553198	6675466
401	Ylioppilastalo	2552474	6673381
403	Aleksanterinkatu	2552716	6673398
405	Senaatintori	2552923	6673411
407	Ritarihuone	2553221	6673429
409	Katajanokan puisto	2553645	6673233
411	Kauppiaankatu	2553782	6673144
413	Vyökatu	2554003	6673109
415	Puolipäivänkatu	2554161	6673188
417	Merisotilaantori	2554325	6673290
418	Mastokatu	2553940	6673057
420	Katajanokan terminaali	2554005	6672919
424	Mikonkatu	2552641	6673545
429	Kauppatori	2553013	6673256
432	Eteläranta	2553063	6673023
434	Olympialaituri	2553272	6672595
436	Kaivopuisto	2553191	6672381
438	Neitsytpolku	2552905	6672258
440	Kapteeninkatu	2552680	6672223
442	Eiran sairaala	2552474	6672204
444	Perämiehenkatu	2552140	6672171
446	Telakkakatu	2552030	6672228
450	Hallituskatu	2553100	6673575
452	Vironkatu	2553085	6673745
454	Snellmaninkatu	2553040	6673971
601	Eläintarha	2551720	6676043
603	Palkkatilanportti	2551629	6676449
605	Maistraatintori	2551502	6676735
607	Kyllikinportti	2551538	6676860
609	Esterinportti	2551668	6676620
611	Pasilan asema	2552025	6676740
613	Messukeskus	2552111	6677002
615	Kellosilta	2552255	6676950
617	Radanrakentajantie	2552392	6676903
631	Porvoonkatu	2552616	6675850
633	Alppila	2552361	6675899
635	Karjalankatu	2552116	6676019
639	Auroran sairaala	2551417	6675884
652	Fleminginkatu	2553028	6675658
654	Sturenkatu	2552763	6675876
656	Kotkankatu	2552517	6676078
658	Pasilan konepaja	2552593	6676242
660	Jämsänkatu	2552461	6676482
662	Asemapäällikönkatu	2552310	6676671
703	Kolmikulma	2552581	6673000
705	Johanneksen kirkko	2552676	6672780
707	Kirurgi	2552830	6672654
708	Tarkk'ampujankatu	2552792	6672531
801	Erottaja	2552499	6673103
803	Fredrikinkatu	2552259	6672928
805	Aleksant. teatteri	2552101	6672797
807	Hietalahdentori	2551832	6672626
809	Köydenpunojankatu	2551700	6672575
810	Hietalahdenkatu	2551700	6672775
811	Hietalahti	2551495	6672600
812	Kalevankatu	2551545	6672725
813	Iso Roobertinkatu	2552332	6672740
815	Viiskulma	2552463	6672544